ParamValues:
   seriesName=DataSerie015,
   seriesSize=1048,
   dataOffset=24,
   resHorizontal=400,
   resVertical=300,
   colorDepth=24,
   noise=0.0,
   referenceLine=true,
   generator=CGRotatingPoint [],
   baseDirectory=./img/,
   dataFileExt=_data.txt,
   imagFileExt=[jpg]

------------------------------------------------------------------------------------------------------------------------------------------------------
DataSerie015_000000, 328, 150, 128.0
DataSerie015_000001, 327, 158, 127.251719045363
DataSerie015_000002, 326, 167, 127.1416532848303
DataSerie015_000003, 325, 176, 127.67536959022284
DataSerie015_000004, 323, 185, 127.88275880665071
DataSerie015_000005, 320, 193, 127.47156545677157
DataSerie015_000006, 316, 202, 127.12198865656563
DataSerie015_000007, 313, 210, 127.94139283281233
DataSerie015_000008, 308, 217, 127.09445306542689
DataSerie015_000009, 303, 225, 127.41271522104849
DataSerie015_000010, 298, 232, 127.7810627597063
DataSerie015_000011, 292, 238, 127.31064370271639
DataSerie015_000012, 285, 245, 127.47548783981962
DataSerie015_000013, 278, 250, 126.82271089990152
DataSerie015_000014, 271, 256, 127.58134659894448
DataSerie015_000015, 264, 260, 127.26350615946427
DataSerie015_000016, 256, 265, 127.91012469699183
DataSerie015_000017, 247, 268, 127.01574705523721
DataSerie015_000018, 239, 271, 127.12985487288185
DataSerie015_000019, 230, 274, 127.57742747053649
DataSerie015_000020, 222, 276, 127.90621564255585
DataSerie015_000021, 213, 277, 127.66362050325849
DataSerie015_000022, 204, 277, 127.06297651164952
DataSerie015_000023, 195, 277, 127.09838708654017
DataSerie015_000024, 186, 277, 127.76932339180638
DataSerie015_000025, 177, 276, 128.08200498118384
DataSerie015_000026, 169, 274, 127.81627439414747
DataSerie015_000027, 160, 271, 127.4401820463232
DataSerie015_000028, 152, 268, 127.38916751435343
DataSerie015_000029, 143, 265, 128.35108102388543
DataSerie015_000030, 135, 260, 127.76932339180638
DataSerie015_000031, 128, 256, 128.14054783713078
DataSerie015_000032, 121, 250, 127.4401820463232
DataSerie015_000033, 114, 245, 128.14444974324874
DataSerie015_000034, 107, 238, 128.03515142334936
DataSerie015_000035, 101, 232, 128.5496013218244
DataSerie015_000036, 96, 225, 128.22246293064254
DataSerie015_000037, 91, 217, 127.94530081249565
DataSerie015_000038, 86, 210, 128.82546332150332
DataSerie015_000039, 83, 202, 128.03515142334936
DataSerie015_000040, 79, 193, 128.41339493993607
DataSerie015_000041, 76, 185, 128.84486796143648
DataSerie015_000042, 74, 176, 128.65457628860312
DataSerie015_000043, 73, 167, 128.1327436684316
DataSerie015_000044, 72, 158, 128.2497563350512
DataSerie015_000045, 72, 149, 128.00390619039717
DataSerie015_000046, 72, 141, 128.3160161476345
DataSerie015_000047, 73, 132, 128.2692480682724
DataSerie015_000048, 74, 123, 128.86038956948718
DataSerie015_000049, 76, 114, 129.1200991325518
DataSerie015_000050, 79, 106, 128.75169901791588
DataSerie015_000051, 83, 97, 128.4445405612866
DataSerie015_000052, 86, 89, 129.29423807734048
DataSerie015_000053, 91, 82, 128.47178678604885
DataSerie015_000054, 96, 74, 128.80993750483694
DataSerie015_000055, 101, 67, 129.18978287774928
DataSerie015_000056, 107, 61, 128.7245120402482
DataSerie015_000057, 114, 54, 128.8875478857442
DataSerie015_000058, 121, 49, 128.22636234409833
DataSerie015_000059, 128, 43, 128.96898852049665
DataSerie015_000060, 136, 39, 128.1288414058287
DataSerie015_000061, 143, 34, 129.24782396620841
DataSerie015_000062, 152, 31, 128.3160161476345
DataSerie015_000063, 160, 28, 128.39003076563228
DataSerie015_000064, 169, 25, 128.7866452703851
DataSerie015_000065, 177, 23, 129.0658746532173
DataSerie015_000066, 186, 22, 128.76334882255898
DataSerie015_000067, 195, 22, 128.09761902549164
DataSerie015_000068, 204, 22, 128.06248474865697
DataSerie015_000069, 213, 22, 128.65846260545786
DataSerie015_000070, 222, 23, 128.89142717807107
DataSerie015_000071, 230, 25, 128.5496013218244
DataSerie015_000072, 239, 28, 128.08200498118384
DataSerie015_000073, 247, 31, 127.94530081249565
DataSerie015_000074, 256, 34, 128.80993750483694
DataSerie015_000075, 264, 39, 128.1288414058287
DataSerie015_000076, 271, 43, 128.41339493993607
DataSerie015_000077, 278, 49, 127.61269529321916
DataSerie015_000078, 285, 54, 128.22246293064254
DataSerie015_000079, 292, 61, 128.00390619039717
DataSerie015_000080, 298, 67, 128.42507543311004
DataSerie015_000081, 303, 74, 128.00390619039717
DataSerie015_000082, 308, 82, 127.62444906835053
DataSerie015_000083, 313, 89, 128.41339493993607
DataSerie015_000084, 316, 97, 127.534309109353
DataSerie015_000085, 320, 106, 127.81236246936366
DataSerie015_000086, 323, 114, 128.16005617976296
DataSerie015_000087, 325, 123, 127.88275880665071
DataSerie015_000088, 326, 132, 127.27922061357856
DataSerie015_000089, 327, 141, 127.3184982632139
DataSerie015_000090, 328, 150, 128.0
DataSerie015_000091, 327, 158, 127.251719045363
DataSerie015_000092, 326, 167, 127.1416532848303
DataSerie015_000093, 325, 176, 127.67536959022284
DataSerie015_000094, 323, 185, 127.88275880665071
DataSerie015_000095, 320, 193, 127.47156545677157
DataSerie015_000096, 316, 202, 127.12198865656563
DataSerie015_000097, 313, 210, 127.94139283281233
DataSerie015_000098, 308, 217, 127.09445306542689
DataSerie015_000099, 303, 225, 127.41271522104849
DataSerie015_000100, 298, 232, 127.7810627597063
DataSerie015_000101, 292, 238, 127.31064370271639
DataSerie015_000102, 285, 245, 127.47548783981962
DataSerie015_000103, 278, 250, 126.82271089990152
DataSerie015_000104, 271, 256, 127.58134659894448
DataSerie015_000105, 263, 260, 126.763559432512
DataSerie015_000106, 256, 265, 127.91012469699183
DataSerie015_000107, 247, 268, 127.01574705523721
DataSerie015_000108, 239, 271, 127.12985487288185
DataSerie015_000109, 230, 274, 127.57742747053649
DataSerie015_000110, 222, 276, 127.90621564255585
DataSerie015_000111, 213, 277, 127.66362050325849
DataSerie015_000112, 204, 277, 127.06297651164952
DataSerie015_000113, 195, 277, 127.09838708654017
DataSerie015_000114, 186, 277, 127.76932339180638
DataSerie015_000115, 177, 276, 128.08200498118384
DataSerie015_000116, 169, 274, 127.81627439414747
DataSerie015_000117, 160, 271, 127.4401820463232
DataSerie015_000118, 152, 268, 127.38916751435343
DataSerie015_000119, 143, 265, 128.35108102388543
DataSerie015_000120, 135, 260, 127.76932339180638
DataSerie015_000121, 128, 256, 128.14054783713078
DataSerie015_000122, 121, 250, 127.4401820463232
DataSerie015_000123, 114, 245, 128.14444974324874
DataSerie015_000124, 107, 238, 128.03515142334936
DataSerie015_000125, 101, 232, 128.5496013218244
DataSerie015_000126, 96, 225, 128.22246293064254
DataSerie015_000127, 91, 217, 127.94530081249565
DataSerie015_000128, 86, 210, 128.82546332150332
DataSerie015_000129, 83, 202, 128.03515142334936
DataSerie015_000130, 79, 193, 128.41339493993607
DataSerie015_000131, 76, 185, 128.84486796143648
DataSerie015_000132, 74, 176, 128.65457628860312
DataSerie015_000133, 73, 167, 128.1327436684316
DataSerie015_000134, 72, 158, 128.2497563350512
DataSerie015_000135, 72, 150, 128.0
DataSerie015_000136, 72, 141, 128.3160161476345
DataSerie015_000137, 73, 132, 128.2692480682724
DataSerie015_000138, 74, 123, 128.86038956948718
DataSerie015_000139, 76, 114, 129.1200991325518
DataSerie015_000140, 79, 106, 128.75169901791588
DataSerie015_000141, 83, 97, 128.4445405612866
DataSerie015_000142, 86, 89, 129.29423807734048
DataSerie015_000143, 91, 82, 128.47178678604885
DataSerie015_000144, 96, 74, 128.80993750483694
DataSerie015_000145, 101, 67, 129.18978287774928
DataSerie015_000146, 107, 61, 128.7245120402482
DataSerie015_000147, 114, 54, 128.8875478857442
DataSerie015_000148, 121, 49, 128.22636234409833
DataSerie015_000149, 128, 43, 128.96898852049665
DataSerie015_000150, 135, 39, 128.63125592172378
DataSerie015_000151, 143, 34, 129.24782396620841
DataSerie015_000152, 152, 31, 128.3160161476345
DataSerie015_000153, 160, 28, 128.39003076563228
DataSerie015_000154, 169, 25, 128.7866452703851
DataSerie015_000155, 177, 23, 129.0658746532173
DataSerie015_000156, 186, 22, 128.76334882255898
DataSerie015_000157, 195, 22, 128.09761902549164
DataSerie015_000158, 204, 22, 128.06248474865697
DataSerie015_000159, 213, 22, 128.65846260545786
DataSerie015_000160, 222, 23, 128.89142717807107
DataSerie015_000161, 230, 25, 128.5496013218244
DataSerie015_000162, 239, 28, 128.08200498118384
DataSerie015_000163, 247, 31, 127.94530081249565
DataSerie015_000164, 256, 34, 128.80993750483694
DataSerie015_000165, 263, 39, 127.63228431709588
DataSerie015_000166, 271, 43, 128.41339493993607
DataSerie015_000167, 278, 49, 127.61269529321916
DataSerie015_000168, 285, 54, 128.22246293064254
DataSerie015_000169, 292, 61, 128.00390619039717
DataSerie015_000170, 298, 67, 128.42507543311004
DataSerie015_000171, 303, 74, 128.00390619039717
DataSerie015_000172, 308, 82, 127.62444906835053
DataSerie015_000173, 313, 89, 128.41339493993607
DataSerie015_000174, 316, 97, 127.534309109353
DataSerie015_000175, 320, 106, 127.81236246936366
DataSerie015_000176, 323, 114, 128.16005617976296
DataSerie015_000177, 325, 123, 127.88275880665071
DataSerie015_000178, 326, 132, 127.27922061357856
DataSerie015_000179, 327, 141, 127.3184982632139
DataSerie015_000180, 328, 149, 128.00390619039717
DataSerie015_000181, 327, 158, 127.251719045363
DataSerie015_000182, 326, 167, 127.1416532848303
DataSerie015_000183, 325, 176, 127.67536959022284
DataSerie015_000184, 323, 185, 127.88275880665071
DataSerie015_000185, 320, 193, 127.47156545677157
DataSerie015_000186, 316, 202, 127.12198865656563
DataSerie015_000187, 313, 210, 127.94139283281233
DataSerie015_000188, 308, 217, 127.09445306542689
DataSerie015_000189, 303, 225, 127.41271522104849
DataSerie015_000190, 298, 232, 127.7810627597063
DataSerie015_000191, 292, 238, 127.31064370271639
DataSerie015_000192, 285, 245, 127.47548783981962
DataSerie015_000193, 278, 250, 126.82271089990152
DataSerie015_000194, 271, 256, 127.58134659894448
DataSerie015_000195, 264, 260, 127.26350615946427
DataSerie015_000196, 256, 265, 127.91012469699183
DataSerie015_000197, 247, 268, 127.01574705523721
DataSerie015_000198, 239, 271, 127.12985487288185
DataSerie015_000199, 230, 274, 127.57742747053649
DataSerie015_000200, 222, 276, 127.90621564255585
DataSerie015_000201, 213, 277, 127.66362050325849
DataSerie015_000202, 204, 277, 127.06297651164952
DataSerie015_000203, 195, 277, 127.09838708654017
DataSerie015_000204, 186, 277, 127.76932339180638
DataSerie015_000205, 177, 276, 128.08200498118384
DataSerie015_000206, 169, 274, 127.81627439414747
DataSerie015_000207, 160, 271, 127.4401820463232
DataSerie015_000208, 152, 268, 127.38916751435343
DataSerie015_000209, 143, 265, 128.35108102388543
DataSerie015_000210, 136, 260, 127.26350615946427
DataSerie015_000211, 128, 256, 128.14054783713078
DataSerie015_000212, 121, 250, 127.4401820463232
DataSerie015_000213, 114, 245, 128.14444974324874
DataSerie015_000214, 107, 238, 128.03515142334936
DataSerie015_000215, 101, 232, 128.5496013218244
DataSerie015_000216, 96, 225, 128.22246293064254
DataSerie015_000217, 91, 217, 127.94530081249565
DataSerie015_000218, 86, 210, 128.82546332150332
DataSerie015_000219, 83, 202, 128.03515142334936
DataSerie015_000220, 79, 193, 128.41339493993607
DataSerie015_000221, 76, 185, 128.84486796143648
DataSerie015_000222, 74, 176, 128.65457628860312
DataSerie015_000223, 73, 167, 128.1327436684316
DataSerie015_000224, 72, 158, 128.2497563350512
DataSerie015_000225, 72, 150, 128.0
DataSerie015_000226, 72, 141, 128.3160161476345
DataSerie015_000227, 73, 132, 128.2692480682724
DataSerie015_000228, 74, 123, 128.86038956948718
DataSerie015_000229, 76, 114, 129.1200991325518
DataSerie015_000230, 79, 106, 128.75169901791588
DataSerie015_000231, 83, 97, 128.4445405612866
DataSerie015_000232, 86, 89, 129.29423807734048
DataSerie015_000233, 91, 82, 128.47178678604885
DataSerie015_000234, 96, 74, 128.80993750483694
DataSerie015_000235, 101, 67, 129.18978287774928
DataSerie015_000236, 107, 61, 128.7245120402482
DataSerie015_000237, 114, 54, 128.8875478857442
DataSerie015_000238, 121, 49, 128.22636234409833
DataSerie015_000239, 128, 43, 128.96898852049665
DataSerie015_000240, 135, 39, 128.63125592172378
DataSerie015_000241, 143, 34, 129.24782396620841
DataSerie015_000242, 152, 31, 128.3160161476345
DataSerie015_000243, 160, 28, 128.39003076563228
DataSerie015_000244, 169, 25, 128.7866452703851
DataSerie015_000245, 177, 23, 129.0658746532173
DataSerie015_000246, 186, 22, 128.76334882255898
DataSerie015_000247, 195, 22, 128.09761902549164
DataSerie015_000248, 204, 22, 128.06248474865697
DataSerie015_000249, 213, 22, 128.65846260545786
DataSerie015_000250, 222, 23, 128.89142717807107
DataSerie015_000251, 230, 25, 128.5496013218244
DataSerie015_000252, 239, 28, 128.08200498118384
DataSerie015_000253, 247, 31, 127.94530081249565
DataSerie015_000254, 256, 34, 128.80993750483694
DataSerie015_000255, 263, 39, 127.63228431709588
DataSerie015_000256, 271, 43, 128.41339493993607
DataSerie015_000257, 278, 49, 127.61269529321916
DataSerie015_000258, 285, 54, 128.22246293064254
DataSerie015_000259, 292, 61, 128.00390619039717
DataSerie015_000260, 298, 67, 128.42507543311004
DataSerie015_000261, 303, 74, 128.00390619039717
DataSerie015_000262, 308, 82, 127.62444906835053
DataSerie015_000263, 313, 89, 128.41339493993607
DataSerie015_000264, 316, 97, 127.534309109353
DataSerie015_000265, 320, 106, 127.81236246936366
DataSerie015_000266, 323, 114, 128.16005617976296
DataSerie015_000267, 325, 123, 127.88275880665071
DataSerie015_000268, 326, 132, 127.27922061357856
DataSerie015_000269, 327, 141, 127.3184982632139
DataSerie015_000270, 328, 149, 128.00390619039717
DataSerie015_000271, 327, 158, 127.251719045363
DataSerie015_000272, 326, 167, 127.1416532848303
DataSerie015_000273, 325, 176, 127.67536959022284
DataSerie015_000274, 323, 185, 127.88275880665071
DataSerie015_000275, 320, 193, 127.47156545677157
DataSerie015_000276, 316, 202, 127.12198865656563
DataSerie015_000277, 313, 210, 127.94139283281233
DataSerie015_000278, 308, 217, 127.09445306542689
DataSerie015_000279, 303, 225, 127.41271522104849
DataSerie015_000280, 298, 232, 127.7810627597063
DataSerie015_000281, 292, 238, 127.31064370271639
DataSerie015_000282, 285, 245, 127.47548783981962
DataSerie015_000283, 278, 250, 126.82271089990152
DataSerie015_000284, 271, 256, 127.58134659894448
DataSerie015_000285, 264, 260, 127.26350615946427
DataSerie015_000286, 256, 265, 127.91012469699183
DataSerie015_000287, 247, 268, 127.01574705523721
DataSerie015_000288, 239, 271, 127.12985487288185
DataSerie015_000289, 230, 274, 127.57742747053649
DataSerie015_000290, 222, 276, 127.90621564255585
DataSerie015_000291, 213, 277, 127.66362050325849
DataSerie015_000292, 204, 277, 127.06297651164952
DataSerie015_000293, 195, 277, 127.09838708654017
DataSerie015_000294, 186, 277, 127.76932339180638
DataSerie015_000295, 177, 276, 128.08200498118384
DataSerie015_000296, 169, 274, 127.81627439414747
DataSerie015_000297, 160, 271, 127.4401820463232
DataSerie015_000298, 152, 268, 127.38916751435343
DataSerie015_000299, 143, 265, 128.35108102388543
DataSerie015_000300, 136, 260, 127.26350615946427
DataSerie015_000301, 128, 256, 128.14054783713078
DataSerie015_000302, 121, 250, 127.4401820463232
DataSerie015_000303, 114, 245, 128.14444974324874
DataSerie015_000304, 107, 238, 128.03515142334936
DataSerie015_000305, 101, 232, 128.5496013218244
DataSerie015_000306, 96, 225, 128.22246293064254
DataSerie015_000307, 91, 217, 127.94530081249565
DataSerie015_000308, 86, 210, 128.82546332150332
DataSerie015_000309, 83, 202, 128.03515142334936
DataSerie015_000310, 79, 193, 128.41339493993607
DataSerie015_000311, 76, 185, 128.84486796143648
DataSerie015_000312, 74, 176, 128.65457628860312
DataSerie015_000313, 73, 167, 128.1327436684316
DataSerie015_000314, 72, 158, 128.2497563350512
DataSerie015_000315, 72, 150, 128.0
DataSerie015_000316, 72, 141, 128.3160161476345
DataSerie015_000317, 73, 132, 128.2692480682724
DataSerie015_000318, 74, 123, 128.86038956948718
DataSerie015_000319, 76, 114, 129.1200991325518
DataSerie015_000320, 79, 106, 128.75169901791588
DataSerie015_000321, 83, 97, 128.4445405612866
DataSerie015_000322, 86, 89, 129.29423807734048
DataSerie015_000323, 91, 82, 128.47178678604885
DataSerie015_000324, 96, 74, 128.80993750483694
DataSerie015_000325, 101, 67, 129.18978287774928
DataSerie015_000326, 107, 61, 128.7245120402482
DataSerie015_000327, 114, 54, 128.8875478857442
DataSerie015_000328, 121, 49, 128.22636234409833
DataSerie015_000329, 128, 43, 128.96898852049665
DataSerie015_000330, 135, 39, 128.63125592172378
DataSerie015_000331, 143, 34, 129.24782396620841
DataSerie015_000332, 152, 31, 128.3160161476345
DataSerie015_000333, 160, 28, 128.39003076563228
DataSerie015_000334, 169, 25, 128.7866452703851
DataSerie015_000335, 177, 23, 129.0658746532173
DataSerie015_000336, 186, 22, 128.76334882255898
DataSerie015_000337, 195, 22, 128.09761902549164
DataSerie015_000338, 204, 22, 128.06248474865697
DataSerie015_000339, 213, 22, 128.65846260545786
DataSerie015_000340, 222, 23, 128.89142717807107
DataSerie015_000341, 230, 25, 128.5496013218244
DataSerie015_000342, 239, 28, 128.08200498118384
DataSerie015_000343, 247, 31, 127.94530081249565
DataSerie015_000344, 256, 34, 128.80993750483694
DataSerie015_000345, 263, 39, 127.63228431709588
DataSerie015_000346, 271, 43, 128.41339493993607
DataSerie015_000347, 278, 49, 127.61269529321916
DataSerie015_000348, 285, 54, 128.22246293064254
DataSerie015_000349, 292, 61, 128.00390619039717
DataSerie015_000350, 298, 67, 128.42507543311004
DataSerie015_000351, 303, 74, 128.00390619039717
DataSerie015_000352, 308, 82, 127.62444906835053
DataSerie015_000353, 313, 89, 128.41339493993607
DataSerie015_000354, 316, 97, 127.534309109353
DataSerie015_000355, 320, 106, 127.81236246936366
DataSerie015_000356, 323, 114, 128.16005617976296
DataSerie015_000357, 325, 123, 127.88275880665071
DataSerie015_000358, 326, 132, 127.27922061357856
DataSerie015_000359, 327, 141, 127.3184982632139
DataSerie015_000360, 328, 149, 128.00390619039717
DataSerie015_000361, 327, 158, 127.251719045363
DataSerie015_000362, 326, 167, 127.1416532848303
DataSerie015_000363, 325, 176, 127.67536959022284
DataSerie015_000364, 323, 185, 127.88275880665071
DataSerie015_000365, 320, 193, 127.47156545677157
DataSerie015_000366, 316, 202, 127.12198865656563
DataSerie015_000367, 313, 210, 127.94139283281233
DataSerie015_000368, 308, 217, 127.09445306542689
DataSerie015_000369, 303, 225, 127.41271522104849
DataSerie015_000370, 298, 232, 127.7810627597063
DataSerie015_000371, 292, 238, 127.31064370271639
DataSerie015_000372, 285, 245, 127.47548783981962
DataSerie015_000373, 278, 250, 126.82271089990152
DataSerie015_000374, 271, 256, 127.58134659894448
DataSerie015_000375, 264, 260, 127.26350615946427
DataSerie015_000376, 256, 265, 127.91012469699183
DataSerie015_000377, 247, 268, 127.01574705523721
DataSerie015_000378, 239, 271, 127.12985487288185
DataSerie015_000379, 230, 274, 127.57742747053649
DataSerie015_000380, 222, 276, 127.90621564255585
DataSerie015_000381, 213, 277, 127.66362050325849
DataSerie015_000382, 204, 277, 127.06297651164952
DataSerie015_000383, 195, 277, 127.09838708654017
DataSerie015_000384, 186, 277, 127.76932339180638
DataSerie015_000385, 177, 276, 128.08200498118384
DataSerie015_000386, 169, 274, 127.81627439414747
DataSerie015_000387, 160, 271, 127.4401820463232
DataSerie015_000388, 152, 268, 127.38916751435343
DataSerie015_000389, 143, 265, 128.35108102388543
DataSerie015_000390, 136, 260, 127.26350615946427
DataSerie015_000391, 128, 256, 128.14054783713078
DataSerie015_000392, 121, 250, 127.4401820463232
DataSerie015_000393, 114, 245, 128.14444974324874
DataSerie015_000394, 107, 238, 128.03515142334936
DataSerie015_000395, 101, 232, 128.5496013218244
DataSerie015_000396, 96, 225, 128.22246293064254
DataSerie015_000397, 91, 217, 127.94530081249565
DataSerie015_000398, 86, 210, 128.82546332150332
DataSerie015_000399, 83, 202, 128.03515142334936
DataSerie015_000400, 79, 193, 128.41339493993607
DataSerie015_000401, 76, 185, 128.84486796143648
DataSerie015_000402, 74, 176, 128.65457628860312
DataSerie015_000403, 73, 167, 128.1327436684316
DataSerie015_000404, 72, 158, 128.2497563350512
DataSerie015_000405, 72, 150, 128.0
DataSerie015_000406, 72, 141, 128.3160161476345
DataSerie015_000407, 73, 132, 128.2692480682724
DataSerie015_000408, 74, 123, 128.86038956948718
DataSerie015_000409, 76, 114, 129.1200991325518
DataSerie015_000410, 79, 106, 128.75169901791588
DataSerie015_000411, 83, 97, 128.4445405612866
DataSerie015_000412, 86, 89, 129.29423807734048
DataSerie015_000413, 91, 82, 128.47178678604885
DataSerie015_000414, 96, 74, 128.80993750483694
DataSerie015_000415, 101, 67, 129.18978287774928
DataSerie015_000416, 107, 61, 128.7245120402482
DataSerie015_000417, 114, 54, 128.8875478857442
DataSerie015_000418, 121, 49, 128.22636234409833
DataSerie015_000419, 128, 43, 128.96898852049665
DataSerie015_000420, 135, 39, 128.63125592172378
DataSerie015_000421, 143, 34, 129.24782396620841
DataSerie015_000422, 152, 31, 128.3160161476345
DataSerie015_000423, 160, 28, 128.39003076563228
DataSerie015_000424, 169, 25, 128.7866452703851
DataSerie015_000425, 177, 23, 129.0658746532173
DataSerie015_000426, 186, 22, 128.76334882255898
DataSerie015_000427, 195, 22, 128.09761902549164
DataSerie015_000428, 204, 22, 128.06248474865697
DataSerie015_000429, 213, 22, 128.65846260545786
DataSerie015_000430, 222, 23, 128.89142717807107
DataSerie015_000431, 230, 25, 128.5496013218244
DataSerie015_000432, 239, 28, 128.08200498118384
DataSerie015_000433, 247, 31, 127.94530081249565
DataSerie015_000434, 256, 34, 128.80993750483694
DataSerie015_000435, 263, 39, 127.63228431709588
DataSerie015_000436, 271, 43, 128.41339493993607
DataSerie015_000437, 278, 49, 127.61269529321916
DataSerie015_000438, 285, 54, 128.22246293064254
DataSerie015_000439, 292, 61, 128.00390619039717
DataSerie015_000440, 298, 67, 128.42507543311004
DataSerie015_000441, 303, 74, 128.00390619039717
DataSerie015_000442, 308, 82, 127.62444906835053
DataSerie015_000443, 313, 89, 128.41339493993607
DataSerie015_000444, 316, 97, 127.534309109353
DataSerie015_000445, 320, 106, 127.81236246936366
DataSerie015_000446, 323, 114, 128.16005617976296
DataSerie015_000447, 325, 123, 127.88275880665071
DataSerie015_000448, 326, 132, 127.27922061357856
DataSerie015_000449, 327, 141, 127.3184982632139
DataSerie015_000450, 328, 149, 128.00390619039717
DataSerie015_000451, 327, 158, 127.251719045363
DataSerie015_000452, 326, 167, 127.1416532848303
DataSerie015_000453, 325, 176, 127.67536959022284
DataSerie015_000454, 323, 185, 127.88275880665071
DataSerie015_000455, 320, 193, 127.47156545677157
DataSerie015_000456, 316, 202, 127.12198865656563
DataSerie015_000457, 313, 210, 127.94139283281233
DataSerie015_000458, 308, 217, 127.09445306542689
DataSerie015_000459, 303, 225, 127.41271522104849
DataSerie015_000460, 298, 232, 127.7810627597063
DataSerie015_000461, 292, 238, 127.31064370271639
DataSerie015_000462, 285, 245, 127.47548783981962
DataSerie015_000463, 278, 250, 126.82271089990152
DataSerie015_000464, 271, 256, 127.58134659894448
DataSerie015_000465, 264, 260, 127.26350615946427
DataSerie015_000466, 256, 265, 127.91012469699183
DataSerie015_000467, 247, 268, 127.01574705523721
DataSerie015_000468, 239, 271, 127.12985487288185
DataSerie015_000469, 230, 274, 127.57742747053649
DataSerie015_000470, 222, 276, 127.90621564255585
DataSerie015_000471, 213, 277, 127.66362050325849
DataSerie015_000472, 204, 277, 127.06297651164952
DataSerie015_000473, 195, 277, 127.09838708654017
DataSerie015_000474, 186, 277, 127.76932339180638
DataSerie015_000475, 177, 276, 128.08200498118384
DataSerie015_000476, 169, 274, 127.81627439414747
DataSerie015_000477, 160, 271, 127.4401820463232
DataSerie015_000478, 152, 268, 127.38916751435343
DataSerie015_000479, 143, 265, 128.35108102388543
DataSerie015_000480, 136, 260, 127.26350615946427
DataSerie015_000481, 128, 256, 128.14054783713078
DataSerie015_000482, 121, 250, 127.4401820463232
DataSerie015_000483, 114, 245, 128.14444974324874
DataSerie015_000484, 107, 238, 128.03515142334936
DataSerie015_000485, 101, 232, 128.5496013218244
DataSerie015_000486, 96, 225, 128.22246293064254
DataSerie015_000487, 91, 217, 127.94530081249565
DataSerie015_000488, 86, 210, 128.82546332150332
DataSerie015_000489, 83, 202, 128.03515142334936
DataSerie015_000490, 79, 193, 128.41339493993607
DataSerie015_000491, 76, 185, 128.84486796143648
DataSerie015_000492, 74, 176, 128.65457628860312
DataSerie015_000493, 73, 167, 128.1327436684316
DataSerie015_000494, 72, 158, 128.2497563350512
DataSerie015_000495, 72, 150, 128.0
DataSerie015_000496, 72, 141, 128.3160161476345
DataSerie015_000497, 73, 132, 128.2692480682724
DataSerie015_000498, 74, 123, 128.86038956948718
DataSerie015_000499, 76, 114, 129.1200991325518
DataSerie015_000500, 79, 106, 128.75169901791588
DataSerie015_000501, 83, 97, 128.4445405612866
DataSerie015_000502, 86, 89, 129.29423807734048
DataSerie015_000503, 91, 82, 128.47178678604885
DataSerie015_000504, 96, 74, 128.80993750483694
DataSerie015_000505, 101, 67, 129.18978287774928
DataSerie015_000506, 107, 61, 128.7245120402482
DataSerie015_000507, 114, 54, 128.8875478857442
DataSerie015_000508, 121, 49, 128.22636234409833
DataSerie015_000509, 128, 43, 128.96898852049665
DataSerie015_000510, 135, 39, 128.63125592172378
DataSerie015_000511, 143, 34, 129.24782396620841
DataSerie015_000512, 152, 31, 128.3160161476345
DataSerie015_000513, 160, 28, 128.39003076563228
DataSerie015_000514, 169, 25, 128.7866452703851
DataSerie015_000515, 177, 23, 129.0658746532173
DataSerie015_000516, 186, 22, 128.76334882255898
DataSerie015_000517, 195, 22, 128.09761902549164
DataSerie015_000518, 204, 22, 128.06248474865697
DataSerie015_000519, 213, 22, 128.65846260545786
DataSerie015_000520, 222, 23, 128.89142717807107
DataSerie015_000521, 230, 25, 128.5496013218244
DataSerie015_000522, 239, 28, 128.08200498118384
DataSerie015_000523, 247, 31, 127.94530081249565
DataSerie015_000524, 256, 34, 128.80993750483694
DataSerie015_000525, 263, 39, 127.63228431709588
DataSerie015_000526, 271, 43, 128.41339493993607
DataSerie015_000527, 278, 49, 127.61269529321916
DataSerie015_000528, 285, 54, 128.22246293064254
DataSerie015_000529, 292, 61, 128.00390619039717
DataSerie015_000530, 298, 67, 128.42507543311004
DataSerie015_000531, 303, 74, 128.00390619039717
DataSerie015_000532, 308, 82, 127.62444906835053
DataSerie015_000533, 313, 89, 128.41339493993607
DataSerie015_000534, 316, 97, 127.534309109353
DataSerie015_000535, 320, 106, 127.81236246936366
DataSerie015_000536, 323, 114, 128.16005617976296
DataSerie015_000537, 325, 123, 127.88275880665071
DataSerie015_000538, 326, 132, 127.27922061357856
DataSerie015_000539, 327, 141, 127.3184982632139
DataSerie015_000540, 328, 149, 128.00390619039717
DataSerie015_000541, 327, 158, 127.251719045363
DataSerie015_000542, 326, 167, 127.1416532848303
DataSerie015_000543, 325, 176, 127.67536959022284
DataSerie015_000544, 323, 185, 127.88275880665071
DataSerie015_000545, 320, 193, 127.47156545677157
DataSerie015_000546, 316, 202, 127.12198865656563
DataSerie015_000547, 313, 210, 127.94139283281233
DataSerie015_000548, 308, 217, 127.09445306542689
DataSerie015_000549, 303, 225, 127.41271522104849
DataSerie015_000550, 298, 232, 127.7810627597063
DataSerie015_000551, 292, 238, 127.31064370271639
DataSerie015_000552, 285, 245, 127.47548783981962
DataSerie015_000553, 278, 250, 126.82271089990152
DataSerie015_000554, 271, 256, 127.58134659894448
DataSerie015_000555, 263, 260, 126.763559432512
DataSerie015_000556, 256, 265, 127.91012469699183
DataSerie015_000557, 247, 268, 127.01574705523721
DataSerie015_000558, 239, 271, 127.12985487288185
DataSerie015_000559, 230, 274, 127.57742747053649
DataSerie015_000560, 222, 276, 127.90621564255585
DataSerie015_000561, 213, 277, 127.66362050325849
DataSerie015_000562, 204, 277, 127.06297651164952
DataSerie015_000563, 195, 277, 127.09838708654017
DataSerie015_000564, 186, 277, 127.76932339180638
DataSerie015_000565, 177, 276, 128.08200498118384
DataSerie015_000566, 169, 274, 127.81627439414747
DataSerie015_000567, 160, 271, 127.4401820463232
DataSerie015_000568, 152, 268, 127.38916751435343
DataSerie015_000569, 143, 265, 128.35108102388543
DataSerie015_000570, 135, 260, 127.76932339180638
DataSerie015_000571, 128, 256, 128.14054783713078
DataSerie015_000572, 121, 250, 127.4401820463232
DataSerie015_000573, 114, 245, 128.14444974324874
DataSerie015_000574, 107, 238, 128.03515142334936
DataSerie015_000575, 101, 232, 128.5496013218244
DataSerie015_000576, 96, 225, 128.22246293064254
DataSerie015_000577, 91, 217, 127.94530081249565
DataSerie015_000578, 86, 210, 128.82546332150332
DataSerie015_000579, 83, 202, 128.03515142334936
DataSerie015_000580, 79, 193, 128.41339493993607
DataSerie015_000581, 76, 185, 128.84486796143648
DataSerie015_000582, 74, 176, 128.65457628860312
DataSerie015_000583, 73, 167, 128.1327436684316
DataSerie015_000584, 72, 158, 128.2497563350512
DataSerie015_000585, 72, 149, 128.00390619039717
DataSerie015_000586, 72, 141, 128.3160161476345
DataSerie015_000587, 73, 132, 128.2692480682724
DataSerie015_000588, 74, 123, 128.86038956948718
DataSerie015_000589, 76, 114, 129.1200991325518
DataSerie015_000590, 79, 106, 128.75169901791588
DataSerie015_000591, 83, 97, 128.4445405612866
DataSerie015_000592, 86, 89, 129.29423807734048
DataSerie015_000593, 91, 82, 128.47178678604885
DataSerie015_000594, 96, 74, 128.80993750483694
DataSerie015_000595, 101, 67, 129.18978287774928
DataSerie015_000596, 107, 61, 128.7245120402482
DataSerie015_000597, 114, 54, 128.8875478857442
DataSerie015_000598, 121, 49, 128.22636234409833
DataSerie015_000599, 128, 43, 128.96898852049665
DataSerie015_000600, 136, 39, 128.1288414058287
DataSerie015_000601, 143, 34, 129.24782396620841
DataSerie015_000602, 152, 31, 128.3160161476345
DataSerie015_000603, 160, 28, 128.39003076563228
DataSerie015_000604, 169, 25, 128.7866452703851
DataSerie015_000605, 177, 23, 129.0658746532173
DataSerie015_000606, 186, 22, 128.76334882255898
DataSerie015_000607, 195, 22, 128.09761902549164
DataSerie015_000608, 204, 22, 128.06248474865697
DataSerie015_000609, 213, 22, 128.65846260545786
DataSerie015_000610, 222, 23, 128.89142717807107
DataSerie015_000611, 230, 25, 128.5496013218244
DataSerie015_000612, 239, 28, 128.08200498118384
DataSerie015_000613, 247, 31, 127.94530081249565
DataSerie015_000614, 256, 34, 128.80993750483694
DataSerie015_000615, 264, 39, 128.1288414058287
DataSerie015_000616, 271, 43, 128.41339493993607
DataSerie015_000617, 278, 49, 127.61269529321916
DataSerie015_000618, 285, 54, 128.22246293064254
DataSerie015_000619, 292, 61, 128.00390619039717
DataSerie015_000620, 298, 67, 128.42507543311004
DataSerie015_000621, 303, 74, 128.00390619039717
DataSerie015_000622, 308, 82, 127.62444906835053
DataSerie015_000623, 313, 89, 128.41339493993607
DataSerie015_000624, 316, 97, 127.534309109353
DataSerie015_000625, 320, 106, 127.81236246936366
DataSerie015_000626, 323, 114, 128.16005617976296
DataSerie015_000627, 325, 123, 127.88275880665071
DataSerie015_000628, 326, 132, 127.27922061357856
DataSerie015_000629, 327, 141, 127.3184982632139
DataSerie015_000630, 328, 150, 128.0
DataSerie015_000631, 327, 158, 127.251719045363
DataSerie015_000632, 326, 167, 127.1416532848303
DataSerie015_000633, 325, 176, 127.67536959022284
DataSerie015_000634, 323, 185, 127.88275880665071
DataSerie015_000635, 320, 193, 127.47156545677157
DataSerie015_000636, 316, 202, 127.12198865656563
DataSerie015_000637, 313, 210, 127.94139283281233
DataSerie015_000638, 308, 217, 127.09445306542689
DataSerie015_000639, 303, 225, 127.41271522104849
DataSerie015_000640, 298, 232, 127.7810627597063
DataSerie015_000641, 292, 238, 127.31064370271639
DataSerie015_000642, 285, 245, 127.47548783981962
DataSerie015_000643, 278, 250, 126.82271089990152
DataSerie015_000644, 271, 256, 127.58134659894448
DataSerie015_000645, 263, 260, 126.763559432512
DataSerie015_000646, 256, 265, 127.91012469699183
DataSerie015_000647, 247, 268, 127.01574705523721
DataSerie015_000648, 239, 271, 127.12985487288185
DataSerie015_000649, 230, 274, 127.57742747053649
DataSerie015_000650, 222, 276, 127.90621564255585
DataSerie015_000651, 213, 277, 127.66362050325849
DataSerie015_000652, 204, 277, 127.06297651164952
DataSerie015_000653, 195, 277, 127.09838708654017
DataSerie015_000654, 186, 277, 127.76932339180638
DataSerie015_000655, 177, 276, 128.08200498118384
DataSerie015_000656, 169, 274, 127.81627439414747
DataSerie015_000657, 160, 271, 127.4401820463232
DataSerie015_000658, 152, 268, 127.38916751435343
DataSerie015_000659, 143, 265, 128.35108102388543
DataSerie015_000660, 135, 260, 127.76932339180638
DataSerie015_000661, 128, 256, 128.14054783713078
DataSerie015_000662, 121, 250, 127.4401820463232
DataSerie015_000663, 114, 245, 128.14444974324874
DataSerie015_000664, 107, 238, 128.03515142334936
DataSerie015_000665, 101, 232, 128.5496013218244
DataSerie015_000666, 96, 225, 128.22246293064254
DataSerie015_000667, 91, 217, 127.94530081249565
DataSerie015_000668, 86, 210, 128.82546332150332
DataSerie015_000669, 83, 202, 128.03515142334936
DataSerie015_000670, 79, 193, 128.41339493993607
DataSerie015_000671, 76, 185, 128.84486796143648
DataSerie015_000672, 74, 176, 128.65457628860312
DataSerie015_000673, 73, 167, 128.1327436684316
DataSerie015_000674, 72, 158, 128.2497563350512
DataSerie015_000675, 72, 149, 128.00390619039717
DataSerie015_000676, 72, 141, 128.3160161476345
DataSerie015_000677, 73, 132, 128.2692480682724
DataSerie015_000678, 74, 123, 128.86038956948718
DataSerie015_000679, 76, 114, 129.1200991325518
DataSerie015_000680, 79, 106, 128.75169901791588
DataSerie015_000681, 83, 97, 128.4445405612866
DataSerie015_000682, 86, 89, 129.29423807734048
DataSerie015_000683, 91, 82, 128.47178678604885
DataSerie015_000684, 96, 74, 128.80993750483694
DataSerie015_000685, 101, 67, 129.18978287774928
DataSerie015_000686, 107, 61, 128.7245120402482
DataSerie015_000687, 114, 54, 128.8875478857442
DataSerie015_000688, 121, 49, 128.22636234409833
DataSerie015_000689, 128, 43, 128.96898852049665
DataSerie015_000690, 136, 39, 128.1288414058287
DataSerie015_000691, 143, 34, 129.24782396620841
DataSerie015_000692, 152, 31, 128.3160161476345
DataSerie015_000693, 160, 28, 128.39003076563228
DataSerie015_000694, 169, 25, 128.7866452703851
DataSerie015_000695, 177, 23, 129.0658746532173
DataSerie015_000696, 186, 22, 128.76334882255898
DataSerie015_000697, 195, 22, 128.09761902549164
DataSerie015_000698, 204, 22, 128.06248474865697
DataSerie015_000699, 213, 22, 128.65846260545786
DataSerie015_000700, 222, 23, 128.89142717807107
DataSerie015_000701, 230, 25, 128.5496013218244
DataSerie015_000702, 239, 28, 128.08200498118384
DataSerie015_000703, 247, 31, 127.94530081249565
DataSerie015_000704, 256, 34, 128.80993750483694
DataSerie015_000705, 264, 39, 128.1288414058287
DataSerie015_000706, 271, 43, 128.41339493993607
DataSerie015_000707, 278, 49, 127.61269529321916
DataSerie015_000708, 285, 54, 128.22246293064254
DataSerie015_000709, 292, 61, 128.00390619039717
DataSerie015_000710, 298, 67, 128.42507543311004
DataSerie015_000711, 303, 74, 128.00390619039717
DataSerie015_000712, 308, 82, 127.62444906835053
DataSerie015_000713, 313, 89, 128.41339493993607
DataSerie015_000714, 316, 97, 127.534309109353
DataSerie015_000715, 320, 106, 127.81236246936366
DataSerie015_000716, 323, 114, 128.16005617976296
DataSerie015_000717, 325, 123, 127.88275880665071
DataSerie015_000718, 326, 132, 127.27922061357856
DataSerie015_000719, 327, 141, 127.3184982632139
DataSerie015_000720, 328, 150, 128.0
DataSerie015_000721, 327, 158, 127.251719045363
DataSerie015_000722, 326, 167, 127.1416532848303
DataSerie015_000723, 325, 176, 127.67536959022284
DataSerie015_000724, 323, 185, 127.88275880665071
DataSerie015_000725, 320, 193, 127.47156545677157
DataSerie015_000726, 316, 202, 127.12198865656563
DataSerie015_000727, 313, 210, 127.94139283281233
DataSerie015_000728, 308, 217, 127.09445306542689
DataSerie015_000729, 303, 225, 127.41271522104849
DataSerie015_000730, 298, 232, 127.7810627597063
DataSerie015_000731, 292, 238, 127.31064370271639
DataSerie015_000732, 285, 245, 127.47548783981962
DataSerie015_000733, 278, 250, 126.82271089990152
DataSerie015_000734, 271, 256, 127.58134659894448
DataSerie015_000735, 263, 260, 126.763559432512
DataSerie015_000736, 256, 265, 127.91012469699183
DataSerie015_000737, 247, 268, 127.01574705523721
DataSerie015_000738, 239, 271, 127.12985487288185
DataSerie015_000739, 230, 274, 127.57742747053649
DataSerie015_000740, 222, 276, 127.90621564255585
DataSerie015_000741, 213, 277, 127.66362050325849
DataSerie015_000742, 204, 277, 127.06297651164952
DataSerie015_000743, 195, 277, 127.09838708654017
DataSerie015_000744, 186, 277, 127.76932339180638
DataSerie015_000745, 177, 276, 128.08200498118384
DataSerie015_000746, 169, 274, 127.81627439414747
DataSerie015_000747, 160, 271, 127.4401820463232
DataSerie015_000748, 152, 268, 127.38916751435343
DataSerie015_000749, 143, 265, 128.35108102388543
DataSerie015_000750, 135, 260, 127.76932339180638
DataSerie015_000751, 128, 256, 128.14054783713078
DataSerie015_000752, 121, 250, 127.4401820463232
DataSerie015_000753, 114, 245, 128.14444974324874
DataSerie015_000754, 107, 238, 128.03515142334936
DataSerie015_000755, 101, 232, 128.5496013218244
DataSerie015_000756, 96, 225, 128.22246293064254
DataSerie015_000757, 91, 217, 127.94530081249565
DataSerie015_000758, 86, 210, 128.82546332150332
DataSerie015_000759, 83, 202, 128.03515142334936
DataSerie015_000760, 79, 193, 128.41339493993607
DataSerie015_000761, 76, 185, 128.84486796143648
DataSerie015_000762, 74, 176, 128.65457628860312
DataSerie015_000763, 73, 167, 128.1327436684316
DataSerie015_000764, 72, 158, 128.2497563350512
DataSerie015_000765, 72, 149, 128.00390619039717
DataSerie015_000766, 72, 141, 128.3160161476345
DataSerie015_000767, 73, 132, 128.2692480682724
DataSerie015_000768, 74, 123, 128.86038956948718
DataSerie015_000769, 76, 114, 129.1200991325518
DataSerie015_000770, 79, 106, 128.75169901791588
DataSerie015_000771, 83, 97, 128.4445405612866
DataSerie015_000772, 86, 89, 129.29423807734048
DataSerie015_000773, 91, 82, 128.47178678604885
DataSerie015_000774, 96, 74, 128.80993750483694
DataSerie015_000775, 101, 67, 129.18978287774928
DataSerie015_000776, 107, 61, 128.7245120402482
DataSerie015_000777, 114, 54, 128.8875478857442
DataSerie015_000778, 121, 49, 128.22636234409833
DataSerie015_000779, 128, 43, 128.96898852049665
DataSerie015_000780, 136, 39, 128.1288414058287
DataSerie015_000781, 143, 34, 129.24782396620841
DataSerie015_000782, 152, 31, 128.3160161476345
DataSerie015_000783, 160, 28, 128.39003076563228
DataSerie015_000784, 169, 25, 128.7866452703851
DataSerie015_000785, 177, 23, 129.0658746532173
DataSerie015_000786, 186, 22, 128.76334882255898
DataSerie015_000787, 195, 22, 128.09761902549164
DataSerie015_000788, 204, 22, 128.06248474865697
DataSerie015_000789, 213, 22, 128.65846260545786
DataSerie015_000790, 222, 23, 128.89142717807107
DataSerie015_000791, 230, 25, 128.5496013218244
DataSerie015_000792, 239, 28, 128.08200498118384
DataSerie015_000793, 247, 31, 127.94530081249565
DataSerie015_000794, 256, 34, 128.80993750483694
DataSerie015_000795, 264, 39, 128.1288414058287
DataSerie015_000796, 271, 43, 128.41339493993607
DataSerie015_000797, 278, 49, 127.61269529321916
DataSerie015_000798, 285, 54, 128.22246293064254
DataSerie015_000799, 292, 61, 128.00390619039717
DataSerie015_000800, 298, 67, 128.42507543311004
DataSerie015_000801, 303, 74, 128.00390619039717
DataSerie015_000802, 308, 82, 127.62444906835053
DataSerie015_000803, 313, 89, 128.41339493993607
DataSerie015_000804, 316, 97, 127.534309109353
DataSerie015_000805, 320, 106, 127.81236246936366
DataSerie015_000806, 323, 114, 128.16005617976296
DataSerie015_000807, 325, 123, 127.88275880665071
DataSerie015_000808, 326, 132, 127.27922061357856
DataSerie015_000809, 327, 141, 127.3184982632139
DataSerie015_000810, 328, 150, 128.0
DataSerie015_000811, 327, 158, 127.251719045363
DataSerie015_000812, 326, 167, 127.1416532848303
DataSerie015_000813, 325, 176, 127.67536959022284
DataSerie015_000814, 323, 185, 127.88275880665071
DataSerie015_000815, 320, 193, 127.47156545677157
DataSerie015_000816, 316, 202, 127.12198865656563
DataSerie015_000817, 313, 210, 127.94139283281233
DataSerie015_000818, 308, 217, 127.09445306542689
DataSerie015_000819, 303, 225, 127.41271522104849
DataSerie015_000820, 298, 232, 127.7810627597063
DataSerie015_000821, 292, 238, 127.31064370271639
DataSerie015_000822, 285, 245, 127.47548783981962
DataSerie015_000823, 278, 250, 126.82271089990152
DataSerie015_000824, 271, 256, 127.58134659894448
DataSerie015_000825, 263, 260, 126.763559432512
DataSerie015_000826, 256, 265, 127.91012469699183
DataSerie015_000827, 247, 268, 127.01574705523721
DataSerie015_000828, 239, 271, 127.12985487288185
DataSerie015_000829, 230, 274, 127.57742747053649
DataSerie015_000830, 222, 276, 127.90621564255585
DataSerie015_000831, 213, 277, 127.66362050325849
DataSerie015_000832, 204, 277, 127.06297651164952
DataSerie015_000833, 195, 277, 127.09838708654017
DataSerie015_000834, 186, 277, 127.76932339180638
DataSerie015_000835, 177, 276, 128.08200498118384
DataSerie015_000836, 169, 274, 127.81627439414747
DataSerie015_000837, 160, 271, 127.4401820463232
DataSerie015_000838, 152, 268, 127.38916751435343
DataSerie015_000839, 143, 265, 128.35108102388543
DataSerie015_000840, 135, 260, 127.76932339180638
DataSerie015_000841, 128, 256, 128.14054783713078
DataSerie015_000842, 121, 250, 127.4401820463232
DataSerie015_000843, 114, 245, 128.14444974324874
DataSerie015_000844, 107, 238, 128.03515142334936
DataSerie015_000845, 101, 232, 128.5496013218244
DataSerie015_000846, 96, 225, 128.22246293064254
DataSerie015_000847, 91, 217, 127.94530081249565
DataSerie015_000848, 86, 210, 128.82546332150332
DataSerie015_000849, 83, 202, 128.03515142334936
DataSerie015_000850, 79, 193, 128.41339493993607
DataSerie015_000851, 76, 185, 128.84486796143648
DataSerie015_000852, 74, 176, 128.65457628860312
DataSerie015_000853, 73, 167, 128.1327436684316
DataSerie015_000854, 72, 158, 128.2497563350512
DataSerie015_000855, 72, 149, 128.00390619039717
DataSerie015_000856, 72, 141, 128.3160161476345
DataSerie015_000857, 73, 132, 128.2692480682724
DataSerie015_000858, 74, 123, 128.86038956948718
DataSerie015_000859, 76, 114, 129.1200991325518
DataSerie015_000860, 79, 106, 128.75169901791588
DataSerie015_000861, 83, 97, 128.4445405612866
DataSerie015_000862, 86, 89, 129.29423807734048
DataSerie015_000863, 91, 82, 128.47178678604885
DataSerie015_000864, 96, 74, 128.80993750483694
DataSerie015_000865, 101, 67, 129.18978287774928
DataSerie015_000866, 107, 61, 128.7245120402482
DataSerie015_000867, 114, 54, 128.8875478857442
DataSerie015_000868, 121, 49, 128.22636234409833
DataSerie015_000869, 128, 43, 128.96898852049665
DataSerie015_000870, 136, 39, 128.1288414058287
DataSerie015_000871, 143, 34, 129.24782396620841
DataSerie015_000872, 152, 31, 128.3160161476345
DataSerie015_000873, 160, 28, 128.39003076563228
DataSerie015_000874, 169, 25, 128.7866452703851
DataSerie015_000875, 177, 23, 129.0658746532173
DataSerie015_000876, 186, 22, 128.76334882255898
DataSerie015_000877, 195, 22, 128.09761902549164
DataSerie015_000878, 204, 22, 128.06248474865697
DataSerie015_000879, 213, 22, 128.65846260545786
DataSerie015_000880, 222, 23, 128.89142717807107
DataSerie015_000881, 230, 25, 128.5496013218244
DataSerie015_000882, 239, 28, 128.08200498118384
DataSerie015_000883, 247, 31, 127.94530081249565
DataSerie015_000884, 256, 34, 128.80993750483694
DataSerie015_000885, 264, 39, 128.1288414058287
DataSerie015_000886, 271, 43, 128.41339493993607
DataSerie015_000887, 278, 49, 127.61269529321916
DataSerie015_000888, 285, 54, 128.22246293064254
DataSerie015_000889, 292, 61, 128.00390619039717
DataSerie015_000890, 298, 67, 128.42507543311004
DataSerie015_000891, 303, 74, 128.00390619039717
DataSerie015_000892, 308, 82, 127.62444906835053
DataSerie015_000893, 313, 89, 128.41339493993607
DataSerie015_000894, 316, 97, 127.534309109353
DataSerie015_000895, 320, 106, 127.81236246936366
DataSerie015_000896, 323, 114, 128.16005617976296
DataSerie015_000897, 325, 123, 127.88275880665071
DataSerie015_000898, 326, 132, 127.27922061357856
DataSerie015_000899, 327, 141, 127.3184982632139
DataSerie015_000900, 328, 150, 128.0
DataSerie015_000901, 327, 158, 127.251719045363
DataSerie015_000902, 326, 167, 127.1416532848303
DataSerie015_000903, 325, 176, 127.67536959022284
DataSerie015_000904, 323, 185, 127.88275880665071
DataSerie015_000905, 320, 193, 127.47156545677157
DataSerie015_000906, 316, 202, 127.12198865656563
DataSerie015_000907, 313, 210, 127.94139283281233
DataSerie015_000908, 308, 217, 127.09445306542689
DataSerie015_000909, 303, 225, 127.41271522104849
DataSerie015_000910, 298, 232, 127.7810627597063
DataSerie015_000911, 292, 238, 127.31064370271639
DataSerie015_000912, 285, 245, 127.47548783981962
DataSerie015_000913, 278, 250, 126.82271089990152
DataSerie015_000914, 271, 256, 127.58134659894448
DataSerie015_000915, 263, 260, 126.763559432512
DataSerie015_000916, 256, 265, 127.91012469699183
DataSerie015_000917, 247, 268, 127.01574705523721
DataSerie015_000918, 239, 271, 127.12985487288185
DataSerie015_000919, 230, 274, 127.57742747053649
DataSerie015_000920, 222, 276, 127.90621564255585
DataSerie015_000921, 213, 277, 127.66362050325849
DataSerie015_000922, 204, 277, 127.06297651164952
DataSerie015_000923, 195, 277, 127.09838708654017
DataSerie015_000924, 186, 277, 127.76932339180638
DataSerie015_000925, 177, 276, 128.08200498118384
DataSerie015_000926, 169, 274, 127.81627439414747
DataSerie015_000927, 160, 271, 127.4401820463232
DataSerie015_000928, 152, 268, 127.38916751435343
DataSerie015_000929, 143, 265, 128.35108102388543
DataSerie015_000930, 135, 260, 127.76932339180638
DataSerie015_000931, 128, 256, 128.14054783713078
DataSerie015_000932, 121, 250, 127.4401820463232
DataSerie015_000933, 114, 245, 128.14444974324874
DataSerie015_000934, 107, 238, 128.03515142334936
DataSerie015_000935, 101, 232, 128.5496013218244
DataSerie015_000936, 96, 225, 128.22246293064254
DataSerie015_000937, 91, 217, 127.94530081249565
DataSerie015_000938, 86, 210, 128.82546332150332
DataSerie015_000939, 83, 202, 128.03515142334936
DataSerie015_000940, 79, 193, 128.41339493993607
DataSerie015_000941, 76, 185, 128.84486796143648
DataSerie015_000942, 74, 176, 128.65457628860312
DataSerie015_000943, 73, 167, 128.1327436684316
DataSerie015_000944, 72, 158, 128.2497563350512
DataSerie015_000945, 72, 149, 128.00390619039717
DataSerie015_000946, 72, 141, 128.3160161476345
DataSerie015_000947, 73, 132, 128.2692480682724
DataSerie015_000948, 74, 123, 128.86038956948718
DataSerie015_000949, 76, 114, 129.1200991325518
DataSerie015_000950, 79, 106, 128.75169901791588
DataSerie015_000951, 83, 97, 128.4445405612866
DataSerie015_000952, 86, 89, 129.29423807734048
DataSerie015_000953, 91, 82, 128.47178678604885
DataSerie015_000954, 96, 74, 128.80993750483694
DataSerie015_000955, 101, 67, 129.18978287774928
DataSerie015_000956, 107, 61, 128.7245120402482
DataSerie015_000957, 114, 54, 128.8875478857442
DataSerie015_000958, 121, 49, 128.22636234409833
DataSerie015_000959, 128, 43, 128.96898852049665
DataSerie015_000960, 136, 39, 128.1288414058287
DataSerie015_000961, 143, 34, 129.24782396620841
DataSerie015_000962, 152, 31, 128.3160161476345
DataSerie015_000963, 160, 28, 128.39003076563228
DataSerie015_000964, 169, 25, 128.7866452703851
DataSerie015_000965, 177, 23, 129.0658746532173
DataSerie015_000966, 186, 22, 128.76334882255898
DataSerie015_000967, 195, 22, 128.09761902549164
DataSerie015_000968, 204, 22, 128.06248474865697
DataSerie015_000969, 213, 22, 128.65846260545786
DataSerie015_000970, 222, 23, 128.89142717807107
DataSerie015_000971, 230, 25, 128.5496013218244
DataSerie015_000972, 239, 28, 128.08200498118384
DataSerie015_000973, 247, 31, 127.94530081249565
DataSerie015_000974, 256, 34, 128.80993750483694
DataSerie015_000975, 264, 39, 128.1288414058287
DataSerie015_000976, 271, 43, 128.41339493993607
DataSerie015_000977, 278, 49, 127.61269529321916
DataSerie015_000978, 285, 54, 128.22246293064254
DataSerie015_000979, 292, 61, 128.00390619039717
DataSerie015_000980, 298, 67, 128.42507543311004
DataSerie015_000981, 303, 74, 128.00390619039717
DataSerie015_000982, 308, 82, 127.62444906835053
DataSerie015_000983, 313, 89, 128.41339493993607
DataSerie015_000984, 316, 97, 127.534309109353
DataSerie015_000985, 320, 106, 127.81236246936366
DataSerie015_000986, 323, 114, 128.16005617976296
DataSerie015_000987, 325, 123, 127.88275880665071
DataSerie015_000988, 326, 132, 127.27922061357856
DataSerie015_000989, 327, 141, 127.3184982632139
DataSerie015_000990, 328, 150, 128.0
DataSerie015_000991, 327, 158, 127.251719045363
DataSerie015_000992, 326, 167, 127.1416532848303
DataSerie015_000993, 325, 176, 127.67536959022284
DataSerie015_000994, 323, 185, 127.88275880665071
DataSerie015_000995, 320, 193, 127.47156545677157
DataSerie015_000996, 316, 202, 127.12198865656563
DataSerie015_000997, 313, 210, 127.94139283281233
DataSerie015_000998, 308, 217, 127.09445306542689
DataSerie015_000999, 303, 225, 127.41271522104849
DataSerie015_001000, 298, 232, 127.7810627597063
DataSerie015_001001, 292, 238, 127.31064370271639
DataSerie015_001002, 285, 245, 127.47548783981962
DataSerie015_001003, 278, 250, 126.82271089990152
DataSerie015_001004, 271, 256, 127.58134659894448
DataSerie015_001005, 263, 260, 126.763559432512
DataSerie015_001006, 256, 265, 127.91012469699183
DataSerie015_001007, 247, 268, 127.01574705523721
DataSerie015_001008, 239, 271, 127.12985487288185
DataSerie015_001009, 230, 274, 127.57742747053649
DataSerie015_001010, 222, 276, 127.90621564255585
DataSerie015_001011, 213, 277, 127.66362050325849
DataSerie015_001012, 204, 277, 127.06297651164952
DataSerie015_001013, 195, 277, 127.09838708654017
DataSerie015_001014, 186, 277, 127.76932339180638
DataSerie015_001015, 177, 276, 128.08200498118384
DataSerie015_001016, 169, 274, 127.81627439414747
DataSerie015_001017, 160, 271, 127.4401820463232
DataSerie015_001018, 152, 268, 127.38916751435343
DataSerie015_001019, 143, 265, 128.35108102388543
DataSerie015_001020, 135, 260, 127.76932339180638
DataSerie015_001021, 128, 256, 128.14054783713078
DataSerie015_001022, 121, 250, 127.4401820463232
DataSerie015_001023, 114, 245, 128.14444974324874
DataSerie015_001024, 107, 238, 128.03515142334936
DataSerie015_001025, 101, 232, 128.5496013218244
DataSerie015_001026, 96, 225, 128.22246293064254
DataSerie015_001027, 91, 217, 127.94530081249565
DataSerie015_001028, 86, 210, 128.82546332150332
DataSerie015_001029, 83, 202, 128.03515142334936
DataSerie015_001030, 79, 193, 128.41339493993607
DataSerie015_001031, 76, 185, 128.84486796143648
DataSerie015_001032, 74, 176, 128.65457628860312
DataSerie015_001033, 73, 167, 128.1327436684316
DataSerie015_001034, 72, 158, 128.2497563350512
DataSerie015_001035, 72, 149, 128.00390619039717
DataSerie015_001036, 72, 141, 128.3160161476345
DataSerie015_001037, 73, 132, 128.2692480682724
DataSerie015_001038, 74, 123, 128.86038956948718
DataSerie015_001039, 76, 114, 129.1200991325518
DataSerie015_001040, 79, 106, 128.75169901791588
DataSerie015_001041, 83, 97, 128.4445405612866
DataSerie015_001042, 86, 89, 129.29423807734048
DataSerie015_001043, 91, 82, 128.47178678604885
DataSerie015_001044, 96, 74, 128.80993750483694
DataSerie015_001045, 101, 67, 129.18978287774928
DataSerie015_001046, 107, 61, 128.7245120402482
DataSerie015_001047, 114, 54, 128.8875478857442
------------------------------------------------------------------------------------------------------------------------------------------------------
