ParamValues:
   seriesName=DataSerie016,
   seriesSize=1048,
   dataOffset=24,
   resHorizontal=400,
   resVertical=300,
   colorDepth=24,
   noise=0.05,
   referenceLine=true,
   generator=CGRotatingPoint [],
   baseDirectory=./img/,
   dataFileExt=_data.txt,
   imagFileExt=[jpg]

------------------------------------------------------------------------------------------------------------------------------------------------------
DataSerie016_000000, 328, 150, 128.0
DataSerie016_000001, 327, 158, 127.251719045363
DataSerie016_000002, 326, 167, 127.1416532848303
DataSerie016_000003, 325, 176, 127.67536959022284
DataSerie016_000004, 323, 185, 127.88275880665071
DataSerie016_000005, 320, 193, 127.47156545677157
DataSerie016_000006, 316, 202, 127.12198865656563
DataSerie016_000007, 313, 210, 127.94139283281233
DataSerie016_000008, 308, 217, 127.09445306542689
DataSerie016_000009, 303, 225, 127.41271522104849
DataSerie016_000010, 298, 232, 127.7810627597063
DataSerie016_000011, 292, 238, 127.31064370271639
DataSerie016_000012, 285, 245, 127.47548783981962
DataSerie016_000013, 278, 250, 126.82271089990152
DataSerie016_000014, 271, 256, 127.58134659894448
DataSerie016_000015, 264, 260, 127.26350615946427
DataSerie016_000016, 256, 265, 127.91012469699183
DataSerie016_000017, 247, 268, 127.01574705523721
DataSerie016_000018, 239, 271, 127.12985487288185
DataSerie016_000019, 230, 274, 127.57742747053649
DataSerie016_000020, 222, 276, 127.90621564255585
DataSerie016_000021, 213, 277, 127.66362050325849
DataSerie016_000022, 204, 277, 127.06297651164952
DataSerie016_000023, 195, 277, 127.09838708654017
DataSerie016_000024, 186, 277, 127.76932339180638
DataSerie016_000025, 177, 276, 128.08200498118384
DataSerie016_000026, 169, 274, 127.81627439414747
DataSerie016_000027, 160, 271, 127.4401820463232
DataSerie016_000028, 152, 268, 127.38916751435343
DataSerie016_000029, 143, 265, 128.35108102388543
DataSerie016_000030, 135, 260, 127.76932339180638
DataSerie016_000031, 128, 256, 128.14054783713078
DataSerie016_000032, 121, 250, 127.4401820463232
DataSerie016_000033, 114, 245, 128.14444974324874
DataSerie016_000034, 107, 238, 128.03515142334936
DataSerie016_000035, 101, 232, 128.5496013218244
DataSerie016_000036, 96, 225, 128.22246293064254
DataSerie016_000037, 91, 217, 127.94530081249565
DataSerie016_000038, 86, 210, 128.82546332150332
DataSerie016_000039, 83, 202, 128.03515142334936
DataSerie016_000040, 79, 193, 128.41339493993607
DataSerie016_000041, 76, 185, 128.84486796143648
DataSerie016_000042, 74, 176, 128.65457628860312
DataSerie016_000043, 73, 167, 128.1327436684316
DataSerie016_000044, 72, 158, 128.2497563350512
DataSerie016_000045, 72, 149, 128.00390619039717
DataSerie016_000046, 72, 141, 128.3160161476345
DataSerie016_000047, 73, 132, 128.2692480682724
DataSerie016_000048, 74, 123, 128.86038956948718
DataSerie016_000049, 76, 114, 129.1200991325518
DataSerie016_000050, 79, 106, 128.75169901791588
DataSerie016_000051, 83, 97, 128.4445405612866
DataSerie016_000052, 86, 89, 129.29423807734048
DataSerie016_000053, 91, 82, 128.47178678604885
DataSerie016_000054, 96, 74, 128.80993750483694
DataSerie016_000055, 101, 67, 129.18978287774928
DataSerie016_000056, 107, 61, 128.7245120402482
DataSerie016_000057, 114, 54, 128.8875478857442
DataSerie016_000058, 121, 49, 128.22636234409833
DataSerie016_000059, 128, 43, 128.96898852049665
DataSerie016_000060, 136, 39, 128.1288414058287
DataSerie016_000061, 143, 34, 129.24782396620841
DataSerie016_000062, 152, 31, 128.3160161476345
DataSerie016_000063, 160, 28, 128.39003076563228
DataSerie016_000064, 169, 25, 128.7866452703851
DataSerie016_000065, 177, 23, 129.0658746532173
DataSerie016_000066, 186, 22, 128.76334882255898
DataSerie016_000067, 195, 22, 128.09761902549164
DataSerie016_000068, 204, 22, 128.06248474865697
DataSerie016_000069, 213, 22, 128.65846260545786
DataSerie016_000070, 222, 23, 128.89142717807107
DataSerie016_000071, 230, 25, 128.5496013218244
DataSerie016_000072, 239, 28, 128.08200498118384
DataSerie016_000073, 247, 31, 127.94530081249565
DataSerie016_000074, 256, 34, 128.80993750483694
DataSerie016_000075, 264, 39, 128.1288414058287
DataSerie016_000076, 271, 43, 128.41339493993607
DataSerie016_000077, 278, 49, 127.61269529321916
DataSerie016_000078, 285, 54, 128.22246293064254
DataSerie016_000079, 292, 61, 128.00390619039717
DataSerie016_000080, 298, 67, 128.42507543311004
DataSerie016_000081, 303, 74, 128.00390619039717
DataSerie016_000082, 308, 82, 127.62444906835053
DataSerie016_000083, 313, 89, 128.41339493993607
DataSerie016_000084, 316, 97, 127.534309109353
DataSerie016_000085, 320, 106, 127.81236246936366
DataSerie016_000086, 323, 114, 128.16005617976296
DataSerie016_000087, 325, 123, 127.88275880665071
DataSerie016_000088, 326, 132, 127.27922061357856
DataSerie016_000089, 327, 141, 127.3184982632139
DataSerie016_000090, 328, 150, 128.0
DataSerie016_000091, 327, 158, 127.251719045363
DataSerie016_000092, 326, 167, 127.1416532848303
DataSerie016_000093, 325, 176, 127.67536959022284
DataSerie016_000094, 323, 185, 127.88275880665071
DataSerie016_000095, 320, 193, 127.47156545677157
DataSerie016_000096, 316, 202, 127.12198865656563
DataSerie016_000097, 313, 210, 127.94139283281233
DataSerie016_000098, 308, 217, 127.09445306542689
DataSerie016_000099, 303, 225, 127.41271522104849
DataSerie016_000100, 298, 232, 127.7810627597063
DataSerie016_000101, 292, 238, 127.31064370271639
DataSerie016_000102, 285, 245, 127.47548783981962
DataSerie016_000103, 278, 250, 126.82271089990152
DataSerie016_000104, 271, 256, 127.58134659894448
DataSerie016_000105, 263, 260, 126.763559432512
DataSerie016_000106, 256, 265, 127.91012469699183
DataSerie016_000107, 247, 268, 127.01574705523721
DataSerie016_000108, 239, 271, 127.12985487288185
DataSerie016_000109, 230, 274, 127.57742747053649
DataSerie016_000110, 222, 276, 127.90621564255585
DataSerie016_000111, 213, 277, 127.66362050325849
DataSerie016_000112, 204, 277, 127.06297651164952
DataSerie016_000113, 195, 277, 127.09838708654017
DataSerie016_000114, 186, 277, 127.76932339180638
DataSerie016_000115, 177, 276, 128.08200498118384
DataSerie016_000116, 169, 274, 127.81627439414747
DataSerie016_000117, 160, 271, 127.4401820463232
DataSerie016_000118, 152, 268, 127.38916751435343
DataSerie016_000119, 143, 265, 128.35108102388543
DataSerie016_000120, 135, 260, 127.76932339180638
DataSerie016_000121, 128, 256, 128.14054783713078
DataSerie016_000122, 121, 250, 127.4401820463232
DataSerie016_000123, 114, 245, 128.14444974324874
DataSerie016_000124, 107, 238, 128.03515142334936
DataSerie016_000125, 101, 232, 128.5496013218244
DataSerie016_000126, 96, 225, 128.22246293064254
DataSerie016_000127, 91, 217, 127.94530081249565
DataSerie016_000128, 86, 210, 128.82546332150332
DataSerie016_000129, 83, 202, 128.03515142334936
DataSerie016_000130, 79, 193, 128.41339493993607
DataSerie016_000131, 76, 185, 128.84486796143648
DataSerie016_000132, 74, 176, 128.65457628860312
DataSerie016_000133, 73, 167, 128.1327436684316
DataSerie016_000134, 72, 158, 128.2497563350512
DataSerie016_000135, 72, 150, 128.0
DataSerie016_000136, 72, 141, 128.3160161476345
DataSerie016_000137, 73, 132, 128.2692480682724
DataSerie016_000138, 74, 123, 128.86038956948718
DataSerie016_000139, 76, 114, 129.1200991325518
DataSerie016_000140, 79, 106, 128.75169901791588
DataSerie016_000141, 83, 97, 128.4445405612866
DataSerie016_000142, 86, 89, 129.29423807734048
DataSerie016_000143, 91, 82, 128.47178678604885
DataSerie016_000144, 96, 74, 128.80993750483694
DataSerie016_000145, 101, 67, 129.18978287774928
DataSerie016_000146, 107, 61, 128.7245120402482
DataSerie016_000147, 114, 54, 128.8875478857442
DataSerie016_000148, 121, 49, 128.22636234409833
DataSerie016_000149, 128, 43, 128.96898852049665
DataSerie016_000150, 135, 39, 128.63125592172378
DataSerie016_000151, 143, 34, 129.24782396620841
DataSerie016_000152, 152, 31, 128.3160161476345
DataSerie016_000153, 160, 28, 128.39003076563228
DataSerie016_000154, 169, 25, 128.7866452703851
DataSerie016_000155, 177, 23, 129.0658746532173
DataSerie016_000156, 186, 22, 128.76334882255898
DataSerie016_000157, 195, 22, 128.09761902549164
DataSerie016_000158, 204, 22, 128.06248474865697
DataSerie016_000159, 213, 22, 128.65846260545786
DataSerie016_000160, 222, 23, 128.89142717807107
DataSerie016_000161, 230, 25, 128.5496013218244
DataSerie016_000162, 239, 28, 128.08200498118384
DataSerie016_000163, 247, 31, 127.94530081249565
DataSerie016_000164, 256, 34, 128.80993750483694
DataSerie016_000165, 263, 39, 127.63228431709588
DataSerie016_000166, 271, 43, 128.41339493993607
DataSerie016_000167, 278, 49, 127.61269529321916
DataSerie016_000168, 285, 54, 128.22246293064254
DataSerie016_000169, 292, 61, 128.00390619039717
DataSerie016_000170, 298, 67, 128.42507543311004
DataSerie016_000171, 303, 74, 128.00390619039717
DataSerie016_000172, 308, 82, 127.62444906835053
DataSerie016_000173, 313, 89, 128.41339493993607
DataSerie016_000174, 316, 97, 127.534309109353
DataSerie016_000175, 320, 106, 127.81236246936366
DataSerie016_000176, 323, 114, 128.16005617976296
DataSerie016_000177, 325, 123, 127.88275880665071
DataSerie016_000178, 326, 132, 127.27922061357856
DataSerie016_000179, 327, 141, 127.3184982632139
DataSerie016_000180, 328, 149, 128.00390619039717
DataSerie016_000181, 327, 158, 127.251719045363
DataSerie016_000182, 326, 167, 127.1416532848303
DataSerie016_000183, 325, 176, 127.67536959022284
DataSerie016_000184, 323, 185, 127.88275880665071
DataSerie016_000185, 320, 193, 127.47156545677157
DataSerie016_000186, 316, 202, 127.12198865656563
DataSerie016_000187, 313, 210, 127.94139283281233
DataSerie016_000188, 308, 217, 127.09445306542689
DataSerie016_000189, 303, 225, 127.41271522104849
DataSerie016_000190, 298, 232, 127.7810627597063
DataSerie016_000191, 292, 238, 127.31064370271639
DataSerie016_000192, 285, 245, 127.47548783981962
DataSerie016_000193, 278, 250, 126.82271089990152
DataSerie016_000194, 271, 256, 127.58134659894448
DataSerie016_000195, 264, 260, 127.26350615946427
DataSerie016_000196, 256, 265, 127.91012469699183
DataSerie016_000197, 247, 268, 127.01574705523721
DataSerie016_000198, 239, 271, 127.12985487288185
DataSerie016_000199, 230, 274, 127.57742747053649
DataSerie016_000200, 222, 276, 127.90621564255585
DataSerie016_000201, 213, 277, 127.66362050325849
DataSerie016_000202, 204, 277, 127.06297651164952
DataSerie016_000203, 195, 277, 127.09838708654017
DataSerie016_000204, 186, 277, 127.76932339180638
DataSerie016_000205, 177, 276, 128.08200498118384
DataSerie016_000206, 169, 274, 127.81627439414747
DataSerie016_000207, 160, 271, 127.4401820463232
DataSerie016_000208, 152, 268, 127.38916751435343
DataSerie016_000209, 143, 265, 128.35108102388543
DataSerie016_000210, 136, 260, 127.26350615946427
DataSerie016_000211, 128, 256, 128.14054783713078
DataSerie016_000212, 121, 250, 127.4401820463232
DataSerie016_000213, 114, 245, 128.14444974324874
DataSerie016_000214, 107, 238, 128.03515142334936
DataSerie016_000215, 101, 232, 128.5496013218244
DataSerie016_000216, 96, 225, 128.22246293064254
DataSerie016_000217, 91, 217, 127.94530081249565
DataSerie016_000218, 86, 210, 128.82546332150332
DataSerie016_000219, 83, 202, 128.03515142334936
DataSerie016_000220, 79, 193, 128.41339493993607
DataSerie016_000221, 76, 185, 128.84486796143648
DataSerie016_000222, 74, 176, 128.65457628860312
DataSerie016_000223, 73, 167, 128.1327436684316
DataSerie016_000224, 72, 158, 128.2497563350512
DataSerie016_000225, 72, 150, 128.0
DataSerie016_000226, 72, 141, 128.3160161476345
DataSerie016_000227, 73, 132, 128.2692480682724
DataSerie016_000228, 74, 123, 128.86038956948718
DataSerie016_000229, 76, 114, 129.1200991325518
DataSerie016_000230, 79, 106, 128.75169901791588
DataSerie016_000231, 83, 97, 128.4445405612866
DataSerie016_000232, 86, 89, 129.29423807734048
DataSerie016_000233, 91, 82, 128.47178678604885
DataSerie016_000234, 96, 74, 128.80993750483694
DataSerie016_000235, 101, 67, 129.18978287774928
DataSerie016_000236, 107, 61, 128.7245120402482
DataSerie016_000237, 114, 54, 128.8875478857442
DataSerie016_000238, 121, 49, 128.22636234409833
DataSerie016_000239, 128, 43, 128.96898852049665
DataSerie016_000240, 135, 39, 128.63125592172378
DataSerie016_000241, 143, 34, 129.24782396620841
DataSerie016_000242, 152, 31, 128.3160161476345
DataSerie016_000243, 160, 28, 128.39003076563228
DataSerie016_000244, 169, 25, 128.7866452703851
DataSerie016_000245, 177, 23, 129.0658746532173
DataSerie016_000246, 186, 22, 128.76334882255898
DataSerie016_000247, 195, 22, 128.09761902549164
DataSerie016_000248, 204, 22, 128.06248474865697
DataSerie016_000249, 213, 22, 128.65846260545786
DataSerie016_000250, 222, 23, 128.89142717807107
DataSerie016_000251, 230, 25, 128.5496013218244
DataSerie016_000252, 239, 28, 128.08200498118384
DataSerie016_000253, 247, 31, 127.94530081249565
DataSerie016_000254, 256, 34, 128.80993750483694
DataSerie016_000255, 263, 39, 127.63228431709588
DataSerie016_000256, 271, 43, 128.41339493993607
DataSerie016_000257, 278, 49, 127.61269529321916
DataSerie016_000258, 285, 54, 128.22246293064254
DataSerie016_000259, 292, 61, 128.00390619039717
DataSerie016_000260, 298, 67, 128.42507543311004
DataSerie016_000261, 303, 74, 128.00390619039717
DataSerie016_000262, 308, 82, 127.62444906835053
DataSerie016_000263, 313, 89, 128.41339493993607
DataSerie016_000264, 316, 97, 127.534309109353
DataSerie016_000265, 320, 106, 127.81236246936366
DataSerie016_000266, 323, 114, 128.16005617976296
DataSerie016_000267, 325, 123, 127.88275880665071
DataSerie016_000268, 326, 132, 127.27922061357856
DataSerie016_000269, 327, 141, 127.3184982632139
DataSerie016_000270, 328, 149, 128.00390619039717
DataSerie016_000271, 327, 158, 127.251719045363
DataSerie016_000272, 326, 167, 127.1416532848303
DataSerie016_000273, 325, 176, 127.67536959022284
DataSerie016_000274, 323, 185, 127.88275880665071
DataSerie016_000275, 320, 193, 127.47156545677157
DataSerie016_000276, 316, 202, 127.12198865656563
DataSerie016_000277, 313, 210, 127.94139283281233
DataSerie016_000278, 308, 217, 127.09445306542689
DataSerie016_000279, 303, 225, 127.41271522104849
DataSerie016_000280, 298, 232, 127.7810627597063
DataSerie016_000281, 292, 238, 127.31064370271639
DataSerie016_000282, 285, 245, 127.47548783981962
DataSerie016_000283, 278, 250, 126.82271089990152
DataSerie016_000284, 271, 256, 127.58134659894448
DataSerie016_000285, 264, 260, 127.26350615946427
DataSerie016_000286, 256, 265, 127.91012469699183
DataSerie016_000287, 247, 268, 127.01574705523721
DataSerie016_000288, 239, 271, 127.12985487288185
DataSerie016_000289, 230, 274, 127.57742747053649
DataSerie016_000290, 222, 276, 127.90621564255585
DataSerie016_000291, 213, 277, 127.66362050325849
DataSerie016_000292, 204, 277, 127.06297651164952
DataSerie016_000293, 195, 277, 127.09838708654017
DataSerie016_000294, 186, 277, 127.76932339180638
DataSerie016_000295, 177, 276, 128.08200498118384
DataSerie016_000296, 169, 274, 127.81627439414747
DataSerie016_000297, 160, 271, 127.4401820463232
DataSerie016_000298, 152, 268, 127.38916751435343
DataSerie016_000299, 143, 265, 128.35108102388543
DataSerie016_000300, 136, 260, 127.26350615946427
DataSerie016_000301, 128, 256, 128.14054783713078
DataSerie016_000302, 121, 250, 127.4401820463232
DataSerie016_000303, 114, 245, 128.14444974324874
DataSerie016_000304, 107, 238, 128.03515142334936
DataSerie016_000305, 101, 232, 128.5496013218244
DataSerie016_000306, 96, 225, 128.22246293064254
DataSerie016_000307, 91, 217, 127.94530081249565
DataSerie016_000308, 86, 210, 128.82546332150332
DataSerie016_000309, 83, 202, 128.03515142334936
DataSerie016_000310, 79, 193, 128.41339493993607
DataSerie016_000311, 76, 185, 128.84486796143648
DataSerie016_000312, 74, 176, 128.65457628860312
DataSerie016_000313, 73, 167, 128.1327436684316
DataSerie016_000314, 72, 158, 128.2497563350512
DataSerie016_000315, 72, 150, 128.0
DataSerie016_000316, 72, 141, 128.3160161476345
DataSerie016_000317, 73, 132, 128.2692480682724
DataSerie016_000318, 74, 123, 128.86038956948718
DataSerie016_000319, 76, 114, 129.1200991325518
DataSerie016_000320, 79, 106, 128.75169901791588
DataSerie016_000321, 83, 97, 128.4445405612866
DataSerie016_000322, 86, 89, 129.29423807734048
DataSerie016_000323, 91, 82, 128.47178678604885
DataSerie016_000324, 96, 74, 128.80993750483694
DataSerie016_000325, 101, 67, 129.18978287774928
DataSerie016_000326, 107, 61, 128.7245120402482
DataSerie016_000327, 114, 54, 128.8875478857442
DataSerie016_000328, 121, 49, 128.22636234409833
DataSerie016_000329, 128, 43, 128.96898852049665
DataSerie016_000330, 135, 39, 128.63125592172378
DataSerie016_000331, 143, 34, 129.24782396620841
DataSerie016_000332, 152, 31, 128.3160161476345
DataSerie016_000333, 160, 28, 128.39003076563228
DataSerie016_000334, 169, 25, 128.7866452703851
DataSerie016_000335, 177, 23, 129.0658746532173
DataSerie016_000336, 186, 22, 128.76334882255898
DataSerie016_000337, 195, 22, 128.09761902549164
DataSerie016_000338, 204, 22, 128.06248474865697
DataSerie016_000339, 213, 22, 128.65846260545786
DataSerie016_000340, 222, 23, 128.89142717807107
DataSerie016_000341, 230, 25, 128.5496013218244
DataSerie016_000342, 239, 28, 128.08200498118384
DataSerie016_000343, 247, 31, 127.94530081249565
DataSerie016_000344, 256, 34, 128.80993750483694
DataSerie016_000345, 263, 39, 127.63228431709588
DataSerie016_000346, 271, 43, 128.41339493993607
DataSerie016_000347, 278, 49, 127.61269529321916
DataSerie016_000348, 285, 54, 128.22246293064254
DataSerie016_000349, 292, 61, 128.00390619039717
DataSerie016_000350, 298, 67, 128.42507543311004
DataSerie016_000351, 303, 74, 128.00390619039717
DataSerie016_000352, 308, 82, 127.62444906835053
DataSerie016_000353, 313, 89, 128.41339493993607
DataSerie016_000354, 316, 97, 127.534309109353
DataSerie016_000355, 320, 106, 127.81236246936366
DataSerie016_000356, 323, 114, 128.16005617976296
DataSerie016_000357, 325, 123, 127.88275880665071
DataSerie016_000358, 326, 132, 127.27922061357856
DataSerie016_000359, 327, 141, 127.3184982632139
DataSerie016_000360, 328, 149, 128.00390619039717
DataSerie016_000361, 327, 158, 127.251719045363
DataSerie016_000362, 326, 167, 127.1416532848303
DataSerie016_000363, 325, 176, 127.67536959022284
DataSerie016_000364, 323, 185, 127.88275880665071
DataSerie016_000365, 320, 193, 127.47156545677157
DataSerie016_000366, 316, 202, 127.12198865656563
DataSerie016_000367, 313, 210, 127.94139283281233
DataSerie016_000368, 308, 217, 127.09445306542689
DataSerie016_000369, 303, 225, 127.41271522104849
DataSerie016_000370, 298, 232, 127.7810627597063
DataSerie016_000371, 292, 238, 127.31064370271639
DataSerie016_000372, 285, 245, 127.47548783981962
DataSerie016_000373, 278, 250, 126.82271089990152
DataSerie016_000374, 271, 256, 127.58134659894448
DataSerie016_000375, 264, 260, 127.26350615946427
DataSerie016_000376, 256, 265, 127.91012469699183
DataSerie016_000377, 247, 268, 127.01574705523721
DataSerie016_000378, 239, 271, 127.12985487288185
DataSerie016_000379, 230, 274, 127.57742747053649
DataSerie016_000380, 222, 276, 127.90621564255585
DataSerie016_000381, 213, 277, 127.66362050325849
DataSerie016_000382, 204, 277, 127.06297651164952
DataSerie016_000383, 195, 277, 127.09838708654017
DataSerie016_000384, 186, 277, 127.76932339180638
DataSerie016_000385, 177, 276, 128.08200498118384
DataSerie016_000386, 169, 274, 127.81627439414747
DataSerie016_000387, 160, 271, 127.4401820463232
DataSerie016_000388, 152, 268, 127.38916751435343
DataSerie016_000389, 143, 265, 128.35108102388543
DataSerie016_000390, 136, 260, 127.26350615946427
DataSerie016_000391, 128, 256, 128.14054783713078
DataSerie016_000392, 121, 250, 127.4401820463232
DataSerie016_000393, 114, 245, 128.14444974324874
DataSerie016_000394, 107, 238, 128.03515142334936
DataSerie016_000395, 101, 232, 128.5496013218244
DataSerie016_000396, 96, 225, 128.22246293064254
DataSerie016_000397, 91, 217, 127.94530081249565
DataSerie016_000398, 86, 210, 128.82546332150332
DataSerie016_000399, 83, 202, 128.03515142334936
DataSerie016_000400, 79, 193, 128.41339493993607
DataSerie016_000401, 76, 185, 128.84486796143648
DataSerie016_000402, 74, 176, 128.65457628860312
DataSerie016_000403, 73, 167, 128.1327436684316
DataSerie016_000404, 72, 158, 128.2497563350512
DataSerie016_000405, 72, 150, 128.0
DataSerie016_000406, 72, 141, 128.3160161476345
DataSerie016_000407, 73, 132, 128.2692480682724
DataSerie016_000408, 74, 123, 128.86038956948718
DataSerie016_000409, 76, 114, 129.1200991325518
DataSerie016_000410, 79, 106, 128.75169901791588
DataSerie016_000411, 83, 97, 128.4445405612866
DataSerie016_000412, 86, 89, 129.29423807734048
DataSerie016_000413, 91, 82, 128.47178678604885
DataSerie016_000414, 96, 74, 128.80993750483694
DataSerie016_000415, 101, 67, 129.18978287774928
DataSerie016_000416, 107, 61, 128.7245120402482
DataSerie016_000417, 114, 54, 128.8875478857442
DataSerie016_000418, 121, 49, 128.22636234409833
DataSerie016_000419, 128, 43, 128.96898852049665
DataSerie016_000420, 135, 39, 128.63125592172378
DataSerie016_000421, 143, 34, 129.24782396620841
DataSerie016_000422, 152, 31, 128.3160161476345
DataSerie016_000423, 160, 28, 128.39003076563228
DataSerie016_000424, 169, 25, 128.7866452703851
DataSerie016_000425, 177, 23, 129.0658746532173
DataSerie016_000426, 186, 22, 128.76334882255898
DataSerie016_000427, 195, 22, 128.09761902549164
DataSerie016_000428, 204, 22, 128.06248474865697
DataSerie016_000429, 213, 22, 128.65846260545786
DataSerie016_000430, 222, 23, 128.89142717807107
DataSerie016_000431, 230, 25, 128.5496013218244
DataSerie016_000432, 239, 28, 128.08200498118384
DataSerie016_000433, 247, 31, 127.94530081249565
DataSerie016_000434, 256, 34, 128.80993750483694
DataSerie016_000435, 263, 39, 127.63228431709588
DataSerie016_000436, 271, 43, 128.41339493993607
DataSerie016_000437, 278, 49, 127.61269529321916
DataSerie016_000438, 285, 54, 128.22246293064254
DataSerie016_000439, 292, 61, 128.00390619039717
DataSerie016_000440, 298, 67, 128.42507543311004
DataSerie016_000441, 303, 74, 128.00390619039717
DataSerie016_000442, 308, 82, 127.62444906835053
DataSerie016_000443, 313, 89, 128.41339493993607
DataSerie016_000444, 316, 97, 127.534309109353
DataSerie016_000445, 320, 106, 127.81236246936366
DataSerie016_000446, 323, 114, 128.16005617976296
DataSerie016_000447, 325, 123, 127.88275880665071
DataSerie016_000448, 326, 132, 127.27922061357856
DataSerie016_000449, 327, 141, 127.3184982632139
DataSerie016_000450, 328, 149, 128.00390619039717
DataSerie016_000451, 327, 158, 127.251719045363
DataSerie016_000452, 326, 167, 127.1416532848303
DataSerie016_000453, 325, 176, 127.67536959022284
DataSerie016_000454, 323, 185, 127.88275880665071
DataSerie016_000455, 320, 193, 127.47156545677157
DataSerie016_000456, 316, 202, 127.12198865656563
DataSerie016_000457, 313, 210, 127.94139283281233
DataSerie016_000458, 308, 217, 127.09445306542689
DataSerie016_000459, 303, 225, 127.41271522104849
DataSerie016_000460, 298, 232, 127.7810627597063
DataSerie016_000461, 292, 238, 127.31064370271639
DataSerie016_000462, 285, 245, 127.47548783981962
DataSerie016_000463, 278, 250, 126.82271089990152
DataSerie016_000464, 271, 256, 127.58134659894448
DataSerie016_000465, 264, 260, 127.26350615946427
DataSerie016_000466, 256, 265, 127.91012469699183
DataSerie016_000467, 247, 268, 127.01574705523721
DataSerie016_000468, 239, 271, 127.12985487288185
DataSerie016_000469, 230, 274, 127.57742747053649
DataSerie016_000470, 222, 276, 127.90621564255585
DataSerie016_000471, 213, 277, 127.66362050325849
DataSerie016_000472, 204, 277, 127.06297651164952
DataSerie016_000473, 195, 277, 127.09838708654017
DataSerie016_000474, 186, 277, 127.76932339180638
DataSerie016_000475, 177, 276, 128.08200498118384
DataSerie016_000476, 169, 274, 127.81627439414747
DataSerie016_000477, 160, 271, 127.4401820463232
DataSerie016_000478, 152, 268, 127.38916751435343
DataSerie016_000479, 143, 265, 128.35108102388543
DataSerie016_000480, 136, 260, 127.26350615946427
DataSerie016_000481, 128, 256, 128.14054783713078
DataSerie016_000482, 121, 250, 127.4401820463232
DataSerie016_000483, 114, 245, 128.14444974324874
DataSerie016_000484, 107, 238, 128.03515142334936
DataSerie016_000485, 101, 232, 128.5496013218244
DataSerie016_000486, 96, 225, 128.22246293064254
DataSerie016_000487, 91, 217, 127.94530081249565
DataSerie016_000488, 86, 210, 128.82546332150332
DataSerie016_000489, 83, 202, 128.03515142334936
DataSerie016_000490, 79, 193, 128.41339493993607
DataSerie016_000491, 76, 185, 128.84486796143648
DataSerie016_000492, 74, 176, 128.65457628860312
DataSerie016_000493, 73, 167, 128.1327436684316
DataSerie016_000494, 72, 158, 128.2497563350512
DataSerie016_000495, 72, 150, 128.0
DataSerie016_000496, 72, 141, 128.3160161476345
DataSerie016_000497, 73, 132, 128.2692480682724
DataSerie016_000498, 74, 123, 128.86038956948718
DataSerie016_000499, 76, 114, 129.1200991325518
DataSerie016_000500, 79, 106, 128.75169901791588
DataSerie016_000501, 83, 97, 128.4445405612866
DataSerie016_000502, 86, 89, 129.29423807734048
DataSerie016_000503, 91, 82, 128.47178678604885
DataSerie016_000504, 96, 74, 128.80993750483694
DataSerie016_000505, 101, 67, 129.18978287774928
DataSerie016_000506, 107, 61, 128.7245120402482
DataSerie016_000507, 114, 54, 128.8875478857442
DataSerie016_000508, 121, 49, 128.22636234409833
DataSerie016_000509, 128, 43, 128.96898852049665
DataSerie016_000510, 135, 39, 128.63125592172378
DataSerie016_000511, 143, 34, 129.24782396620841
DataSerie016_000512, 152, 31, 128.3160161476345
DataSerie016_000513, 160, 28, 128.39003076563228
DataSerie016_000514, 169, 25, 128.7866452703851
DataSerie016_000515, 177, 23, 129.0658746532173
DataSerie016_000516, 186, 22, 128.76334882255898
DataSerie016_000517, 195, 22, 128.09761902549164
DataSerie016_000518, 204, 22, 128.06248474865697
DataSerie016_000519, 213, 22, 128.65846260545786
DataSerie016_000520, 222, 23, 128.89142717807107
DataSerie016_000521, 230, 25, 128.5496013218244
DataSerie016_000522, 239, 28, 128.08200498118384
DataSerie016_000523, 247, 31, 127.94530081249565
DataSerie016_000524, 256, 34, 128.80993750483694
DataSerie016_000525, 263, 39, 127.63228431709588
DataSerie016_000526, 271, 43, 128.41339493993607
DataSerie016_000527, 278, 49, 127.61269529321916
DataSerie016_000528, 285, 54, 128.22246293064254
DataSerie016_000529, 292, 61, 128.00390619039717
DataSerie016_000530, 298, 67, 128.42507543311004
DataSerie016_000531, 303, 74, 128.00390619039717
DataSerie016_000532, 308, 82, 127.62444906835053
DataSerie016_000533, 313, 89, 128.41339493993607
DataSerie016_000534, 316, 97, 127.534309109353
DataSerie016_000535, 320, 106, 127.81236246936366
DataSerie016_000536, 323, 114, 128.16005617976296
DataSerie016_000537, 325, 123, 127.88275880665071
DataSerie016_000538, 326, 132, 127.27922061357856
DataSerie016_000539, 327, 141, 127.3184982632139
DataSerie016_000540, 328, 149, 128.00390619039717
DataSerie016_000541, 327, 158, 127.251719045363
DataSerie016_000542, 326, 167, 127.1416532848303
DataSerie016_000543, 325, 176, 127.67536959022284
DataSerie016_000544, 323, 185, 127.88275880665071
DataSerie016_000545, 320, 193, 127.47156545677157
DataSerie016_000546, 316, 202, 127.12198865656563
DataSerie016_000547, 313, 210, 127.94139283281233
DataSerie016_000548, 308, 217, 127.09445306542689
DataSerie016_000549, 303, 225, 127.41271522104849
DataSerie016_000550, 298, 232, 127.7810627597063
DataSerie016_000551, 292, 238, 127.31064370271639
DataSerie016_000552, 285, 245, 127.47548783981962
DataSerie016_000553, 278, 250, 126.82271089990152
DataSerie016_000554, 271, 256, 127.58134659894448
DataSerie016_000555, 263, 260, 126.763559432512
DataSerie016_000556, 256, 265, 127.91012469699183
DataSerie016_000557, 247, 268, 127.01574705523721
DataSerie016_000558, 239, 271, 127.12985487288185
DataSerie016_000559, 230, 274, 127.57742747053649
DataSerie016_000560, 222, 276, 127.90621564255585
DataSerie016_000561, 213, 277, 127.66362050325849
DataSerie016_000562, 204, 277, 127.06297651164952
DataSerie016_000563, 195, 277, 127.09838708654017
DataSerie016_000564, 186, 277, 127.76932339180638
DataSerie016_000565, 177, 276, 128.08200498118384
DataSerie016_000566, 169, 274, 127.81627439414747
DataSerie016_000567, 160, 271, 127.4401820463232
DataSerie016_000568, 152, 268, 127.38916751435343
DataSerie016_000569, 143, 265, 128.35108102388543
DataSerie016_000570, 135, 260, 127.76932339180638
DataSerie016_000571, 128, 256, 128.14054783713078
DataSerie016_000572, 121, 250, 127.4401820463232
DataSerie016_000573, 114, 245, 128.14444974324874
DataSerie016_000574, 107, 238, 128.03515142334936
DataSerie016_000575, 101, 232, 128.5496013218244
DataSerie016_000576, 96, 225, 128.22246293064254
DataSerie016_000577, 91, 217, 127.94530081249565
DataSerie016_000578, 86, 210, 128.82546332150332
DataSerie016_000579, 83, 202, 128.03515142334936
DataSerie016_000580, 79, 193, 128.41339493993607
DataSerie016_000581, 76, 185, 128.84486796143648
DataSerie016_000582, 74, 176, 128.65457628860312
DataSerie016_000583, 73, 167, 128.1327436684316
DataSerie016_000584, 72, 158, 128.2497563350512
DataSerie016_000585, 72, 149, 128.00390619039717
DataSerie016_000586, 72, 141, 128.3160161476345
DataSerie016_000587, 73, 132, 128.2692480682724
DataSerie016_000588, 74, 123, 128.86038956948718
DataSerie016_000589, 76, 114, 129.1200991325518
DataSerie016_000590, 79, 106, 128.75169901791588
DataSerie016_000591, 83, 97, 128.4445405612866
DataSerie016_000592, 86, 89, 129.29423807734048
DataSerie016_000593, 91, 82, 128.47178678604885
DataSerie016_000594, 96, 74, 128.80993750483694
DataSerie016_000595, 101, 67, 129.18978287774928
DataSerie016_000596, 107, 61, 128.7245120402482
DataSerie016_000597, 114, 54, 128.8875478857442
DataSerie016_000598, 121, 49, 128.22636234409833
DataSerie016_000599, 128, 43, 128.96898852049665
DataSerie016_000600, 136, 39, 128.1288414058287
DataSerie016_000601, 143, 34, 129.24782396620841
DataSerie016_000602, 152, 31, 128.3160161476345
DataSerie016_000603, 160, 28, 128.39003076563228
DataSerie016_000604, 169, 25, 128.7866452703851
DataSerie016_000605, 177, 23, 129.0658746532173
DataSerie016_000606, 186, 22, 128.76334882255898
DataSerie016_000607, 195, 22, 128.09761902549164
DataSerie016_000608, 204, 22, 128.06248474865697
DataSerie016_000609, 213, 22, 128.65846260545786
DataSerie016_000610, 222, 23, 128.89142717807107
DataSerie016_000611, 230, 25, 128.5496013218244
DataSerie016_000612, 239, 28, 128.08200498118384
DataSerie016_000613, 247, 31, 127.94530081249565
DataSerie016_000614, 256, 34, 128.80993750483694
DataSerie016_000615, 264, 39, 128.1288414058287
DataSerie016_000616, 271, 43, 128.41339493993607
DataSerie016_000617, 278, 49, 127.61269529321916
DataSerie016_000618, 285, 54, 128.22246293064254
DataSerie016_000619, 292, 61, 128.00390619039717
DataSerie016_000620, 298, 67, 128.42507543311004
DataSerie016_000621, 303, 74, 128.00390619039717
DataSerie016_000622, 308, 82, 127.62444906835053
DataSerie016_000623, 313, 89, 128.41339493993607
DataSerie016_000624, 316, 97, 127.534309109353
DataSerie016_000625, 320, 106, 127.81236246936366
DataSerie016_000626, 323, 114, 128.16005617976296
DataSerie016_000627, 325, 123, 127.88275880665071
DataSerie016_000628, 326, 132, 127.27922061357856
DataSerie016_000629, 327, 141, 127.3184982632139
DataSerie016_000630, 328, 150, 128.0
DataSerie016_000631, 327, 158, 127.251719045363
DataSerie016_000632, 326, 167, 127.1416532848303
DataSerie016_000633, 325, 176, 127.67536959022284
DataSerie016_000634, 323, 185, 127.88275880665071
DataSerie016_000635, 320, 193, 127.47156545677157
DataSerie016_000636, 316, 202, 127.12198865656563
DataSerie016_000637, 313, 210, 127.94139283281233
DataSerie016_000638, 308, 217, 127.09445306542689
DataSerie016_000639, 303, 225, 127.41271522104849
DataSerie016_000640, 298, 232, 127.7810627597063
DataSerie016_000641, 292, 238, 127.31064370271639
DataSerie016_000642, 285, 245, 127.47548783981962
DataSerie016_000643, 278, 250, 126.82271089990152
DataSerie016_000644, 271, 256, 127.58134659894448
DataSerie016_000645, 263, 260, 126.763559432512
DataSerie016_000646, 256, 265, 127.91012469699183
DataSerie016_000647, 247, 268, 127.01574705523721
DataSerie016_000648, 239, 271, 127.12985487288185
DataSerie016_000649, 230, 274, 127.57742747053649
DataSerie016_000650, 222, 276, 127.90621564255585
DataSerie016_000651, 213, 277, 127.66362050325849
DataSerie016_000652, 204, 277, 127.06297651164952
DataSerie016_000653, 195, 277, 127.09838708654017
DataSerie016_000654, 186, 277, 127.76932339180638
DataSerie016_000655, 177, 276, 128.08200498118384
DataSerie016_000656, 169, 274, 127.81627439414747
DataSerie016_000657, 160, 271, 127.4401820463232
DataSerie016_000658, 152, 268, 127.38916751435343
DataSerie016_000659, 143, 265, 128.35108102388543
DataSerie016_000660, 135, 260, 127.76932339180638
DataSerie016_000661, 128, 256, 128.14054783713078
DataSerie016_000662, 121, 250, 127.4401820463232
DataSerie016_000663, 114, 245, 128.14444974324874
DataSerie016_000664, 107, 238, 128.03515142334936
DataSerie016_000665, 101, 232, 128.5496013218244
DataSerie016_000666, 96, 225, 128.22246293064254
DataSerie016_000667, 91, 217, 127.94530081249565
DataSerie016_000668, 86, 210, 128.82546332150332
DataSerie016_000669, 83, 202, 128.03515142334936
DataSerie016_000670, 79, 193, 128.41339493993607
DataSerie016_000671, 76, 185, 128.84486796143648
DataSerie016_000672, 74, 176, 128.65457628860312
DataSerie016_000673, 73, 167, 128.1327436684316
DataSerie016_000674, 72, 158, 128.2497563350512
DataSerie016_000675, 72, 149, 128.00390619039717
DataSerie016_000676, 72, 141, 128.3160161476345
DataSerie016_000677, 73, 132, 128.2692480682724
DataSerie016_000678, 74, 123, 128.86038956948718
DataSerie016_000679, 76, 114, 129.1200991325518
DataSerie016_000680, 79, 106, 128.75169901791588
DataSerie016_000681, 83, 97, 128.4445405612866
DataSerie016_000682, 86, 89, 129.29423807734048
DataSerie016_000683, 91, 82, 128.47178678604885
DataSerie016_000684, 96, 74, 128.80993750483694
DataSerie016_000685, 101, 67, 129.18978287774928
DataSerie016_000686, 107, 61, 128.7245120402482
DataSerie016_000687, 114, 54, 128.8875478857442
DataSerie016_000688, 121, 49, 128.22636234409833
DataSerie016_000689, 128, 43, 128.96898852049665
DataSerie016_000690, 136, 39, 128.1288414058287
DataSerie016_000691, 143, 34, 129.24782396620841
DataSerie016_000692, 152, 31, 128.3160161476345
DataSerie016_000693, 160, 28, 128.39003076563228
DataSerie016_000694, 169, 25, 128.7866452703851
DataSerie016_000695, 177, 23, 129.0658746532173
DataSerie016_000696, 186, 22, 128.76334882255898
DataSerie016_000697, 195, 22, 128.09761902549164
DataSerie016_000698, 204, 22, 128.06248474865697
DataSerie016_000699, 213, 22, 128.65846260545786
DataSerie016_000700, 222, 23, 128.89142717807107
DataSerie016_000701, 230, 25, 128.5496013218244
DataSerie016_000702, 239, 28, 128.08200498118384
DataSerie016_000703, 247, 31, 127.94530081249565
DataSerie016_000704, 256, 34, 128.80993750483694
DataSerie016_000705, 264, 39, 128.1288414058287
DataSerie016_000706, 271, 43, 128.41339493993607
DataSerie016_000707, 278, 49, 127.61269529321916
DataSerie016_000708, 285, 54, 128.22246293064254
DataSerie016_000709, 292, 61, 128.00390619039717
DataSerie016_000710, 298, 67, 128.42507543311004
DataSerie016_000711, 303, 74, 128.00390619039717
DataSerie016_000712, 308, 82, 127.62444906835053
DataSerie016_000713, 313, 89, 128.41339493993607
DataSerie016_000714, 316, 97, 127.534309109353
DataSerie016_000715, 320, 106, 127.81236246936366
DataSerie016_000716, 323, 114, 128.16005617976296
DataSerie016_000717, 325, 123, 127.88275880665071
DataSerie016_000718, 326, 132, 127.27922061357856
DataSerie016_000719, 327, 141, 127.3184982632139
DataSerie016_000720, 328, 150, 128.0
DataSerie016_000721, 327, 158, 127.251719045363
DataSerie016_000722, 326, 167, 127.1416532848303
DataSerie016_000723, 325, 176, 127.67536959022284
DataSerie016_000724, 323, 185, 127.88275880665071
DataSerie016_000725, 320, 193, 127.47156545677157
DataSerie016_000726, 316, 202, 127.12198865656563
DataSerie016_000727, 313, 210, 127.94139283281233
DataSerie016_000728, 308, 217, 127.09445306542689
DataSerie016_000729, 303, 225, 127.41271522104849
DataSerie016_000730, 298, 232, 127.7810627597063
DataSerie016_000731, 292, 238, 127.31064370271639
DataSerie016_000732, 285, 245, 127.47548783981962
DataSerie016_000733, 278, 250, 126.82271089990152
DataSerie016_000734, 271, 256, 127.58134659894448
DataSerie016_000735, 263, 260, 126.763559432512
DataSerie016_000736, 256, 265, 127.91012469699183
DataSerie016_000737, 247, 268, 127.01574705523721
DataSerie016_000738, 239, 271, 127.12985487288185
DataSerie016_000739, 230, 274, 127.57742747053649
DataSerie016_000740, 222, 276, 127.90621564255585
DataSerie016_000741, 213, 277, 127.66362050325849
DataSerie016_000742, 204, 277, 127.06297651164952
DataSerie016_000743, 195, 277, 127.09838708654017
DataSerie016_000744, 186, 277, 127.76932339180638
DataSerie016_000745, 177, 276, 128.08200498118384
DataSerie016_000746, 169, 274, 127.81627439414747
DataSerie016_000747, 160, 271, 127.4401820463232
DataSerie016_000748, 152, 268, 127.38916751435343
DataSerie016_000749, 143, 265, 128.35108102388543
DataSerie016_000750, 135, 260, 127.76932339180638
DataSerie016_000751, 128, 256, 128.14054783713078
DataSerie016_000752, 121, 250, 127.4401820463232
DataSerie016_000753, 114, 245, 128.14444974324874
DataSerie016_000754, 107, 238, 128.03515142334936
DataSerie016_000755, 101, 232, 128.5496013218244
DataSerie016_000756, 96, 225, 128.22246293064254
DataSerie016_000757, 91, 217, 127.94530081249565
DataSerie016_000758, 86, 210, 128.82546332150332
DataSerie016_000759, 83, 202, 128.03515142334936
DataSerie016_000760, 79, 193, 128.41339493993607
DataSerie016_000761, 76, 185, 128.84486796143648
DataSerie016_000762, 74, 176, 128.65457628860312
DataSerie016_000763, 73, 167, 128.1327436684316
DataSerie016_000764, 72, 158, 128.2497563350512
DataSerie016_000765, 72, 149, 128.00390619039717
DataSerie016_000766, 72, 141, 128.3160161476345
DataSerie016_000767, 73, 132, 128.2692480682724
DataSerie016_000768, 74, 123, 128.86038956948718
DataSerie016_000769, 76, 114, 129.1200991325518
DataSerie016_000770, 79, 106, 128.75169901791588
DataSerie016_000771, 83, 97, 128.4445405612866
DataSerie016_000772, 86, 89, 129.29423807734048
DataSerie016_000773, 91, 82, 128.47178678604885
DataSerie016_000774, 96, 74, 128.80993750483694
DataSerie016_000775, 101, 67, 129.18978287774928
DataSerie016_000776, 107, 61, 128.7245120402482
DataSerie016_000777, 114, 54, 128.8875478857442
DataSerie016_000778, 121, 49, 128.22636234409833
DataSerie016_000779, 128, 43, 128.96898852049665
DataSerie016_000780, 136, 39, 128.1288414058287
DataSerie016_000781, 143, 34, 129.24782396620841
DataSerie016_000782, 152, 31, 128.3160161476345
DataSerie016_000783, 160, 28, 128.39003076563228
DataSerie016_000784, 169, 25, 128.7866452703851
DataSerie016_000785, 177, 23, 129.0658746532173
DataSerie016_000786, 186, 22, 128.76334882255898
DataSerie016_000787, 195, 22, 128.09761902549164
DataSerie016_000788, 204, 22, 128.06248474865697
DataSerie016_000789, 213, 22, 128.65846260545786
DataSerie016_000790, 222, 23, 128.89142717807107
DataSerie016_000791, 230, 25, 128.5496013218244
DataSerie016_000792, 239, 28, 128.08200498118384
DataSerie016_000793, 247, 31, 127.94530081249565
DataSerie016_000794, 256, 34, 128.80993750483694
DataSerie016_000795, 264, 39, 128.1288414058287
DataSerie016_000796, 271, 43, 128.41339493993607
DataSerie016_000797, 278, 49, 127.61269529321916
DataSerie016_000798, 285, 54, 128.22246293064254
DataSerie016_000799, 292, 61, 128.00390619039717
DataSerie016_000800, 298, 67, 128.42507543311004
DataSerie016_000801, 303, 74, 128.00390619039717
DataSerie016_000802, 308, 82, 127.62444906835053
DataSerie016_000803, 313, 89, 128.41339493993607
DataSerie016_000804, 316, 97, 127.534309109353
DataSerie016_000805, 320, 106, 127.81236246936366
DataSerie016_000806, 323, 114, 128.16005617976296
DataSerie016_000807, 325, 123, 127.88275880665071
DataSerie016_000808, 326, 132, 127.27922061357856
DataSerie016_000809, 327, 141, 127.3184982632139
DataSerie016_000810, 328, 150, 128.0
DataSerie016_000811, 327, 158, 127.251719045363
DataSerie016_000812, 326, 167, 127.1416532848303
DataSerie016_000813, 325, 176, 127.67536959022284
DataSerie016_000814, 323, 185, 127.88275880665071
DataSerie016_000815, 320, 193, 127.47156545677157
DataSerie016_000816, 316, 202, 127.12198865656563
DataSerie016_000817, 313, 210, 127.94139283281233
DataSerie016_000818, 308, 217, 127.09445306542689
DataSerie016_000819, 303, 225, 127.41271522104849
DataSerie016_000820, 298, 232, 127.7810627597063
DataSerie016_000821, 292, 238, 127.31064370271639
DataSerie016_000822, 285, 245, 127.47548783981962
DataSerie016_000823, 278, 250, 126.82271089990152
DataSerie016_000824, 271, 256, 127.58134659894448
DataSerie016_000825, 263, 260, 126.763559432512
DataSerie016_000826, 256, 265, 127.91012469699183
DataSerie016_000827, 247, 268, 127.01574705523721
DataSerie016_000828, 239, 271, 127.12985487288185
DataSerie016_000829, 230, 274, 127.57742747053649
DataSerie016_000830, 222, 276, 127.90621564255585
DataSerie016_000831, 213, 277, 127.66362050325849
DataSerie016_000832, 204, 277, 127.06297651164952
DataSerie016_000833, 195, 277, 127.09838708654017
DataSerie016_000834, 186, 277, 127.76932339180638
DataSerie016_000835, 177, 276, 128.08200498118384
DataSerie016_000836, 169, 274, 127.81627439414747
DataSerie016_000837, 160, 271, 127.4401820463232
DataSerie016_000838, 152, 268, 127.38916751435343
DataSerie016_000839, 143, 265, 128.35108102388543
DataSerie016_000840, 135, 260, 127.76932339180638
DataSerie016_000841, 128, 256, 128.14054783713078
DataSerie016_000842, 121, 250, 127.4401820463232
DataSerie016_000843, 114, 245, 128.14444974324874
DataSerie016_000844, 107, 238, 128.03515142334936
DataSerie016_000845, 101, 232, 128.5496013218244
DataSerie016_000846, 96, 225, 128.22246293064254
DataSerie016_000847, 91, 217, 127.94530081249565
DataSerie016_000848, 86, 210, 128.82546332150332
DataSerie016_000849, 83, 202, 128.03515142334936
DataSerie016_000850, 79, 193, 128.41339493993607
DataSerie016_000851, 76, 185, 128.84486796143648
DataSerie016_000852, 74, 176, 128.65457628860312
DataSerie016_000853, 73, 167, 128.1327436684316
DataSerie016_000854, 72, 158, 128.2497563350512
DataSerie016_000855, 72, 149, 128.00390619039717
DataSerie016_000856, 72, 141, 128.3160161476345
DataSerie016_000857, 73, 132, 128.2692480682724
DataSerie016_000858, 74, 123, 128.86038956948718
DataSerie016_000859, 76, 114, 129.1200991325518
DataSerie016_000860, 79, 106, 128.75169901791588
DataSerie016_000861, 83, 97, 128.4445405612866
DataSerie016_000862, 86, 89, 129.29423807734048
DataSerie016_000863, 91, 82, 128.47178678604885
DataSerie016_000864, 96, 74, 128.80993750483694
DataSerie016_000865, 101, 67, 129.18978287774928
DataSerie016_000866, 107, 61, 128.7245120402482
DataSerie016_000867, 114, 54, 128.8875478857442
DataSerie016_000868, 121, 49, 128.22636234409833
DataSerie016_000869, 128, 43, 128.96898852049665
DataSerie016_000870, 136, 39, 128.1288414058287
DataSerie016_000871, 143, 34, 129.24782396620841
DataSerie016_000872, 152, 31, 128.3160161476345
DataSerie016_000873, 160, 28, 128.39003076563228
DataSerie016_000874, 169, 25, 128.7866452703851
DataSerie016_000875, 177, 23, 129.0658746532173
DataSerie016_000876, 186, 22, 128.76334882255898
DataSerie016_000877, 195, 22, 128.09761902549164
DataSerie016_000878, 204, 22, 128.06248474865697
DataSerie016_000879, 213, 22, 128.65846260545786
DataSerie016_000880, 222, 23, 128.89142717807107
DataSerie016_000881, 230, 25, 128.5496013218244
DataSerie016_000882, 239, 28, 128.08200498118384
DataSerie016_000883, 247, 31, 127.94530081249565
DataSerie016_000884, 256, 34, 128.80993750483694
DataSerie016_000885, 264, 39, 128.1288414058287
DataSerie016_000886, 271, 43, 128.41339493993607
DataSerie016_000887, 278, 49, 127.61269529321916
DataSerie016_000888, 285, 54, 128.22246293064254
DataSerie016_000889, 292, 61, 128.00390619039717
DataSerie016_000890, 298, 67, 128.42507543311004
DataSerie016_000891, 303, 74, 128.00390619039717
DataSerie016_000892, 308, 82, 127.62444906835053
DataSerie016_000893, 313, 89, 128.41339493993607
DataSerie016_000894, 316, 97, 127.534309109353
DataSerie016_000895, 320, 106, 127.81236246936366
DataSerie016_000896, 323, 114, 128.16005617976296
DataSerie016_000897, 325, 123, 127.88275880665071
DataSerie016_000898, 326, 132, 127.27922061357856
DataSerie016_000899, 327, 141, 127.3184982632139
DataSerie016_000900, 328, 150, 128.0
DataSerie016_000901, 327, 158, 127.251719045363
DataSerie016_000902, 326, 167, 127.1416532848303
DataSerie016_000903, 325, 176, 127.67536959022284
DataSerie016_000904, 323, 185, 127.88275880665071
DataSerie016_000905, 320, 193, 127.47156545677157
DataSerie016_000906, 316, 202, 127.12198865656563
DataSerie016_000907, 313, 210, 127.94139283281233
DataSerie016_000908, 308, 217, 127.09445306542689
DataSerie016_000909, 303, 225, 127.41271522104849
DataSerie016_000910, 298, 232, 127.7810627597063
DataSerie016_000911, 292, 238, 127.31064370271639
DataSerie016_000912, 285, 245, 127.47548783981962
DataSerie016_000913, 278, 250, 126.82271089990152
DataSerie016_000914, 271, 256, 127.58134659894448
DataSerie016_000915, 263, 260, 126.763559432512
DataSerie016_000916, 256, 265, 127.91012469699183
DataSerie016_000917, 247, 268, 127.01574705523721
DataSerie016_000918, 239, 271, 127.12985487288185
DataSerie016_000919, 230, 274, 127.57742747053649
DataSerie016_000920, 222, 276, 127.90621564255585
DataSerie016_000921, 213, 277, 127.66362050325849
DataSerie016_000922, 204, 277, 127.06297651164952
DataSerie016_000923, 195, 277, 127.09838708654017
DataSerie016_000924, 186, 277, 127.76932339180638
DataSerie016_000925, 177, 276, 128.08200498118384
DataSerie016_000926, 169, 274, 127.81627439414747
DataSerie016_000927, 160, 271, 127.4401820463232
DataSerie016_000928, 152, 268, 127.38916751435343
DataSerie016_000929, 143, 265, 128.35108102388543
DataSerie016_000930, 135, 260, 127.76932339180638
DataSerie016_000931, 128, 256, 128.14054783713078
DataSerie016_000932, 121, 250, 127.4401820463232
DataSerie016_000933, 114, 245, 128.14444974324874
DataSerie016_000934, 107, 238, 128.03515142334936
DataSerie016_000935, 101, 232, 128.5496013218244
DataSerie016_000936, 96, 225, 128.22246293064254
DataSerie016_000937, 91, 217, 127.94530081249565
DataSerie016_000938, 86, 210, 128.82546332150332
DataSerie016_000939, 83, 202, 128.03515142334936
DataSerie016_000940, 79, 193, 128.41339493993607
DataSerie016_000941, 76, 185, 128.84486796143648
DataSerie016_000942, 74, 176, 128.65457628860312
DataSerie016_000943, 73, 167, 128.1327436684316
DataSerie016_000944, 72, 158, 128.2497563350512
DataSerie016_000945, 72, 149, 128.00390619039717
DataSerie016_000946, 72, 141, 128.3160161476345
DataSerie016_000947, 73, 132, 128.2692480682724
DataSerie016_000948, 74, 123, 128.86038956948718
DataSerie016_000949, 76, 114, 129.1200991325518
DataSerie016_000950, 79, 106, 128.75169901791588
DataSerie016_000951, 83, 97, 128.4445405612866
DataSerie016_000952, 86, 89, 129.29423807734048
DataSerie016_000953, 91, 82, 128.47178678604885
DataSerie016_000954, 96, 74, 128.80993750483694
DataSerie016_000955, 101, 67, 129.18978287774928
DataSerie016_000956, 107, 61, 128.7245120402482
DataSerie016_000957, 114, 54, 128.8875478857442
DataSerie016_000958, 121, 49, 128.22636234409833
DataSerie016_000959, 128, 43, 128.96898852049665
DataSerie016_000960, 136, 39, 128.1288414058287
DataSerie016_000961, 143, 34, 129.24782396620841
DataSerie016_000962, 152, 31, 128.3160161476345
DataSerie016_000963, 160, 28, 128.39003076563228
DataSerie016_000964, 169, 25, 128.7866452703851
DataSerie016_000965, 177, 23, 129.0658746532173
DataSerie016_000966, 186, 22, 128.76334882255898
DataSerie016_000967, 195, 22, 128.09761902549164
DataSerie016_000968, 204, 22, 128.06248474865697
DataSerie016_000969, 213, 22, 128.65846260545786
DataSerie016_000970, 222, 23, 128.89142717807107
DataSerie016_000971, 230, 25, 128.5496013218244
DataSerie016_000972, 239, 28, 128.08200498118384
DataSerie016_000973, 247, 31, 127.94530081249565
DataSerie016_000974, 256, 34, 128.80993750483694
DataSerie016_000975, 264, 39, 128.1288414058287
DataSerie016_000976, 271, 43, 128.41339493993607
DataSerie016_000977, 278, 49, 127.61269529321916
DataSerie016_000978, 285, 54, 128.22246293064254
DataSerie016_000979, 292, 61, 128.00390619039717
DataSerie016_000980, 298, 67, 128.42507543311004
DataSerie016_000981, 303, 74, 128.00390619039717
DataSerie016_000982, 308, 82, 127.62444906835053
DataSerie016_000983, 313, 89, 128.41339493993607
DataSerie016_000984, 316, 97, 127.534309109353
DataSerie016_000985, 320, 106, 127.81236246936366
DataSerie016_000986, 323, 114, 128.16005617976296
DataSerie016_000987, 325, 123, 127.88275880665071
DataSerie016_000988, 326, 132, 127.27922061357856
DataSerie016_000989, 327, 141, 127.3184982632139
DataSerie016_000990, 328, 150, 128.0
DataSerie016_000991, 327, 158, 127.251719045363
DataSerie016_000992, 326, 167, 127.1416532848303
DataSerie016_000993, 325, 176, 127.67536959022284
DataSerie016_000994, 323, 185, 127.88275880665071
DataSerie016_000995, 320, 193, 127.47156545677157
DataSerie016_000996, 316, 202, 127.12198865656563
DataSerie016_000997, 313, 210, 127.94139283281233
DataSerie016_000998, 308, 217, 127.09445306542689
DataSerie016_000999, 303, 225, 127.41271522104849
DataSerie016_001000, 298, 232, 127.7810627597063
DataSerie016_001001, 292, 238, 127.31064370271639
DataSerie016_001002, 285, 245, 127.47548783981962
DataSerie016_001003, 278, 250, 126.82271089990152
DataSerie016_001004, 271, 256, 127.58134659894448
DataSerie016_001005, 263, 260, 126.763559432512
DataSerie016_001006, 256, 265, 127.91012469699183
DataSerie016_001007, 247, 268, 127.01574705523721
DataSerie016_001008, 239, 271, 127.12985487288185
DataSerie016_001009, 230, 274, 127.57742747053649
DataSerie016_001010, 222, 276, 127.90621564255585
DataSerie016_001011, 213, 277, 127.66362050325849
DataSerie016_001012, 204, 277, 127.06297651164952
DataSerie016_001013, 195, 277, 127.09838708654017
DataSerie016_001014, 186, 277, 127.76932339180638
DataSerie016_001015, 177, 276, 128.08200498118384
DataSerie016_001016, 169, 274, 127.81627439414747
DataSerie016_001017, 160, 271, 127.4401820463232
DataSerie016_001018, 152, 268, 127.38916751435343
DataSerie016_001019, 143, 265, 128.35108102388543
DataSerie016_001020, 135, 260, 127.76932339180638
DataSerie016_001021, 128, 256, 128.14054783713078
DataSerie016_001022, 121, 250, 127.4401820463232
DataSerie016_001023, 114, 245, 128.14444974324874
DataSerie016_001024, 107, 238, 128.03515142334936
DataSerie016_001025, 101, 232, 128.5496013218244
DataSerie016_001026, 96, 225, 128.22246293064254
DataSerie016_001027, 91, 217, 127.94530081249565
DataSerie016_001028, 86, 210, 128.82546332150332
DataSerie016_001029, 83, 202, 128.03515142334936
DataSerie016_001030, 79, 193, 128.41339493993607
DataSerie016_001031, 76, 185, 128.84486796143648
DataSerie016_001032, 74, 176, 128.65457628860312
DataSerie016_001033, 73, 167, 128.1327436684316
DataSerie016_001034, 72, 158, 128.2497563350512
DataSerie016_001035, 72, 149, 128.00390619039717
DataSerie016_001036, 72, 141, 128.3160161476345
DataSerie016_001037, 73, 132, 128.2692480682724
DataSerie016_001038, 74, 123, 128.86038956948718
DataSerie016_001039, 76, 114, 129.1200991325518
DataSerie016_001040, 79, 106, 128.75169901791588
DataSerie016_001041, 83, 97, 128.4445405612866
DataSerie016_001042, 86, 89, 129.29423807734048
DataSerie016_001043, 91, 82, 128.47178678604885
DataSerie016_001044, 96, 74, 128.80993750483694
DataSerie016_001045, 101, 67, 129.18978287774928
DataSerie016_001046, 107, 61, 128.7245120402482
DataSerie016_001047, 114, 54, 128.8875478857442
------------------------------------------------------------------------------------------------------------------------------------------------------
